21 46 13 74 57 26 67 3 6 86 13 90 20 64 60 28 82 44 23 72 16 28 59 37 33 30 12 41 99 88 23 39 86 67 52 42 5 2 31 35 51 4 87 21 48 13 15 11 82 81 77 10 87 1 79 63 76 50 64 71 43 75 19 5 48 78 54 40 65 79 1 62 36 64 92 55 29 44 15 98 28 13 76 33 68 19 2 72 89 63 92 52 64 16 4 20 84 49 50 55 
94 64 47 35 96 81 6 58 63 45 48 79 40 36 98 71 92 77 65 84 39 30 65 41 49 72 50 92 61 67 23 65 67 9 36 43 93 99 51 12 25 85 69 80 97 39 34 42 31 52 66 22 79 46 97 14 26 18 30 64 68 53 7 92 54 10 0 78 8 59 5 54 96 43 68 30 36 74 24 15 32 94 38 80 24 27 54 67 64 38 46 53 21 90 85 21 7 44 7 68 
19 28 54 7 32 75 96 96 16 83 24 50 80 69 14 52 44 58 83 84 75 60 99 76 59 18 85 16 51 99 21 9 90 66 72 81 96 85 37 16 54 8 37 23 71 53 92 7 31 14 47 32 38 29 94 19 43 42 87 32 50 37 6 36 76 34 46 38 60 18 11 92 57 16 53 29 71 32 34 77 6 31 24 36 14 28 30 74 60 28 87 11 7 68 22 54 26 47 11 95 
33 1 34 1 26 40 8 53 59 40 34 37 9 78 77 72 67 89 70 35 55 71 93 75 71 15 1 3 76 85 21 52 35 71 86 55 49 66 52 32 81 21 90 29 39 13 14 68 68 88 16 64 27 56 1 41 94 10 67 91 53 24 43 33 57 7 84 38 37 17 86 20 62 93 93 95 21 27 27 4 97 78 63 62 69 69 19 5 66 30 48 34 77 1 93 46 0 69 74 98 
31 38 94 25 97 26 3 20 66 1 24 51 7 91 74 33 96 53 3 22 94 30 69 47 89 11 3 50 4 29 1 58 54 39 8 81 27 63 44 20 15 81 29 63 26 37 79 49 49 48 94 30 48 79 20 83 25 15 89 30 47 68 10 75 95 91 9 66 63 61 72 83 28 74 14 14 21 70 5 54 24 91 46 87 13 19 91 98 4 0 15 86 56 81 11 45 93 90 59 17 
22 87 43 0 24 81 67 65 1 57 44 23 40 73 33 6 44 76 4 84 79 14 58 6 21 72 14 64 17 65 4 23 67 85 13 32 11 64 92 31 81 43 56 10 46 22 5 51 38 17 13 5 17 33 80 30 83 26 25 0 23 35 6 89 63 47 34 43 26 81 42 46 18 82 98 65 73 55 0 42 98 87 4 25 83 30 58 17 81 70 54 88 90 52 75 14 86 10 94 65 
93 52 83 96 76 76 92 9 50 51 0 14 37 13 31 79 97 4 53 16 36 44 72 38 90 25 70 76 15 17 77 38 23 55 68 22 26 37 95 33 92 86 75 93 74 95 77 72 34 83 71 95 35 32 19 24 21 93 30 77 75 96 68 98 93 0 62 84 12 88 95 35 8 65 40 57 66 14 26 12 94 56 38 38 15 31 62 59 32 24 49 71 93 48 81 56 63 59 80 62 
87 97 13 45 62 83 59 35 81 97 94 11 39 74 24 53 11 80 75 95 2 78 98 99 42 88 33 93 20 58 85 56 11 76 99 28 41 0 12 79 94 44 61 16 46 49 55 31 72 0 25 15 97 48 65 52 65 9 5 89 8 95 59 17 83 86 39 92 94 36 63 24 49 7 75 45 26 22 98 22 18 86 12 8 41 17 54 48 79 13 75 32 96 89 29 86 44 62 83 9 
20 76 56 28 40 43 48 84 73 60 41 20 76 14 37 3 51 98 85 49 12 18 89 10 8 57 38 87 10 16 81 90 16 27 51 1 24 91 92 58 39 27 51 46 15 36 30 26 99 66 26 44 27 15 94 14 27 74 16 68 36 8 48 81 65 98 60 72 8 68 51 27 73 47 82 39 10 53 24 41 80 57 93 5 32 45 29 73 94 80 2 25 82 43 95 0 44 52 39 57 
66 32 2 87 75 41 33 25 78 4 83 86 14 99 22 92 9 23 72 51 4 76 56 77 21 69 40 32 48 85 64 92 50 57 51 37 36 56 52 14 42 46 68 63 15 89 94 49 43 77 98 52 14 88 50 30 29 44 90 33 38 53 92 64 53 27 7 14 72 1 71 4 35 9 73 82 49 10 71 43 33 80 47 44 68 75 40 6 25 42 93 31 58 41 25 18 39 37 43 58 
61 79 3 81 24 39 60 85 8 78 3 91 45 82 23 70 33 54 99 86 66 78 89 21 79 28 89 83 15 90 97 45 96 22 10 81 27 24 87 20 9 70 16 33 23 14 34 40 5 71 77 97 51 81 22 68 30 86 82 36 94 77 75 87 36 90 37 62 25 62 12 73 91 57 56 61 84 13 80 0 65 33 79 61 21 53 32 40 62 20 94 16 95 23 44 63 23 40 12 34 
80 67 93 63 19 71 49 51 20 1 33 35 57 8 90 44 24 49 60 45 20 25 23 10 83 70 7 63 61 19 44 63 28 62 20 45 49 41 5 2 94 73 94 97 76 29 76 7 11 62 76 23 67 25 55 25 89 38 34 5 11 39 91 31 40 80 80 80 24 22 83 31 46 37 97 77 47 87 87 90 78 66 85 17 64 8 89 22 26 89 24 82 57 41 27 39 33 68 93 32 
81 30 86 43 58 14 7 68 81 34 21 57 30 12 60 45 91 23 5 81 10 33 41 22 74 56 75 46 31 50 47 33 47 46 40 27 80 99 25 67 15 19 60 60 7 64 67 89 19 78 35 70 96 57 85 88 59 48 38 62 61 27 94 86 39 8 16 62 40 4 45 4 77 85 67 30 60 63 76 38 45 75 23 77 85 58 52 50 3 74 74 81 27 13 50 97 65 19 2 43 
75 82 1 15 18 36 17 28 14 28 53 48 88 48 33 5 12 46 70 42 19 53 18 52 10 67 99 40 88 40 98 53 24 64 52 42 79 4 76 94 65 91 64 46 93 92 73 83 58 12 71 5 78 29 54 79 26 58 57 28 0 97 92 29 41 62 93 23 27 18 83 56 20 25 7 29 91 27 39 91 74 17 11 51 73 78 49 50 34 36 4 76 78 41 17 95 43 97 18 72 
19 66 66 98 91 52 80 66 79 70 3 93 57 7 87 59 24 5 57 41 67 24 21 2 62 88 23 59 0 68 86 71 66 30 33 87 99 39 46 91 68 0 25 77 6 5 89 79 74 5 73 11 32 62 86 28 11 79 7 16 12 19 21 69 77 56 72 45 36 59 33 77 0 22 46 14 30 11 6 29 20 71 14 9 10 31 44 12 78 17 86 16 94 42 79 21 43 19 23 78 
5 70 1 99 72 70 84 30 77 2 63 34 89 90 42 71 57 26 40 80 70 34 54 93 31 2 84 53 85 83 74 83 47 35 10 7 70 74 12 35 70 37 14 18 26 10 70 17 0 51 48 65 20 59 24 4 15 46 24 91 79 81 30 7 77 35 20 11 6 26 51 30 6 16 49 45 38 43 58 87 44 23 10 98 88 43 25 89 81 99 51 32 60 68 41 16 20 56 55 68 
83 8 36 98 56 52 19 78 86 26 87 76 96 5 33 85 17 70 0 43 69 60 53 76 49 65 76 32 72 1 3 98 94 2 50 77 97 36 43 87 90 58 79 97 41 1 56 32 48 85 40 48 29 77 14 95 97 18 88 60 36 47 57 24 55 16 63 25 49 36 7 10 93 35 44 50 38 64 53 48 8 27 55 70 14 42 19 60 41 1 39 96 92 52 99 44 5 20 54 88 
3 0 26 88 63 78 4 23 20 88 59 81 18 28 68 30 22 24 50 81 12 54 47 84 93 51 54 88 44 12 91 60 27 21 16 33 25 6 69 88 22 16 78 47 53 53 51 36 57 70 88 72 63 3 42 92 63 56 39 57 93 83 85 25 94 2 25 92 27 63 57 4 61 65 78 97 14 89 92 16 63 40 50 14 38 46 70 39 69 92 72 87 0 90 2 89 52 24 1 83 
76 58 42 17 57 33 59 21 92 88 63 13 91 39 78 27 4 2 26 62 88 62 71 22 64 80 17 74 24 46 56 92 1 89 75 61 37 27 89 45 36 30 16 65 65 14 22 66 54 88 22 57 32 46 19 70 50 29 27 90 3 8 34 12 58 91 92 53 2 36 0 30 18 24 51 54 86 25 25 57 71 79 50 0 24 5 95 10 5 77 38 99 28 90 47 99 22 17 77 32 
95 54 57 8 69 37 56 89 94 13 95 94 60 83 86 91 24 74 49 95 74 25 11 49 8 21 72 20 29 57 30 24 1 95 22 14 74 2 27 94 36 25 75 42 52 64 54 81 73 1 92 9 21 32 54 14 95 40 47 73 72 90 67 7 39 11 24 54 12 9 49 16 33 89 75 37 36 19 94 8 47 14 4 44 69 22 56 13 12 95 49 28 67 25 52 79 78 0 92 34 
84 80 16 53 48 13 66 15 55 3 30 98 61 18 29 24 98 12 87 53 59 19 83 58 89 0 33 90 85 40 52 99 81 63 45 91 82 46 56 83 46 37 98 60 44 28 75 12 45 49 4 99 9 47 55 71 67 46 70 12 9 55 30 29 56 32 29 35 79 19 81 55 37 64 18 25 91 73 18 41 74 73 44 99 42 67 71 47 24 24 11 3 70 75 84 75 13 29 14 9 
22 37 13 41 75 92 63 79 79 24 34 80 68 85 58 53 45 8 98 1 73 88 81 73 91 46 40 91 83 18 26 24 3 86 21 94 69 89 79 24 88 33 27 98 72 84 81 16 47 9 71 51 82 89 22 52 9 60 17 67 54 25 8 14 19 97 39 65 18 88 71 17 69 60 37 6 18 26 63 30 16 90 60 19 78 35 28 90 31 15 6 96 71 8 84 93 78 43 68 80 
43 80 20 70 86 14 37 83 29 32 3 53 95 84 32 30 46 3 5 24 38 25 93 74 6 50 93 34 23 78 9 29 23 17 57 11 8 46 29 40 53 49 16 2 32 62 51 11 93 24 75 77 22 13 33 69 51 64 61 93 11 33 92 77 63 48 97 56 11 52 15 98 63 53 0 77 52 48 17 60 51 62 44 59 42 16 42 80 20 21 91 82 33 84 82 88 91 16 70 8 
78 73 29 9 55 48 66 29 55 70 58 79 78 38 34 64 38 13 72 17 92 57 3 28 26 84 76 34 22 25 87 56 34 96 73 33 16 35 10 68 76 41 38 38 20 6 80 77 55 96 7 18 29 36 1 16 98 0 1 51 0 7 75 44 11 17 45 93 55 5 76 52 96 80 85 43 45 13 66 98 9 1 28 32 55 47 69 51 32 40 20 14 91 91 80 32 44 81 79 23 
39 83 25 26 34 88 59 71 50 64 96 51 95 45 17 71 16 45 43 19 17 60 91 5 84 64 25 4 49 71 2 21 29 48 63 26 51 7 21 69 87 65 18 44 10 51 19 22 49 43 4 64 84 61 9 34 94 11 18 59 79 55 14 24 73 48 15 67 15 95 93 87 31 79 32 4 29 59 14 39 80 47 18 48 6 87 30 89 91 43 83 55 26 9 7 72 10 87 21 59 
65 84 36 11 14 99 18 12 33 50 47 80 65 32 98 21 26 60 10 56 3 32 92 30 61 54 9 40 36 34 70 24 86 84 71 30 62 43 8 72 10 51 28 6 76 59 77 17 97 14 41 94 83 46 34 81 89 89 48 74 40 52 32 75 33 89 20 36 88 29 78 36 55 34 67 13 12 58 97 58 78 96 75 62 75 50 43 19 29 95 48 24 34 29 29 76 2 31 5 93 
31 1 61 12 5 84 3 37 65 48 56 52 6 95 0 93 78 67 8 82 2 91 1 75 85 86 95 15 67 56 45 32 85 94 95 59 3 28 79 13 48 77 28 61 85 13 68 51 17 81 30 88 72 77 95 47 54 70 16 60 2 90 91 54 38 44 9 94 65 38 33 50 1 93 7 99 66 32 99 8 39 41 59 78 10 1 54 68 57 21 23 2 59 69 97 32 67 43 12 81 
17 67 72 88 83 65 0 68 70 8 78 35 17 54 61 44 28 52 67 65 1 76 68 86 35 3 10 40 72 48 94 8 25 10 64 11 15 97 99 54 92 11 83 78 14 24 50 2 11 65 84 68 18 33 14 44 26 22 82 22 44 78 93 47 93 7 81 31 40 47 40 98 5 55 67 15 83 84 92 16 87 52 58 79 29 19 43 24 39 93 25 60 32 9 0 25 2 10 55 4 
59 41 15 59 84 68 43 27 36 25 66 5 87 74 78 3 14 51 82 97 90 65 55 4 75 49 50 88 40 52 90 49 63 62 92 19 82 84 90 2 40 35 67 10 20 98 22 79 8 83 79 21 69 32 16 44 38 35 65 2 66 4 86 27 33 91 91 44 59 21 87 95 51 63 73 55 34 4 44 85 8 22 58 70 69 65 88 66 40 95 12 84 48 23 39 66 9 2 48 19 
10 39 80 64 22 88 43 20 16 85 23 67 61 9 0 9 61 45 79 98 26 19 43 41 32 71 81 66 86 98 79 52 79 40 76 3 93 46 53 37 98 80 7 11 12 6 91 54 87 34 2 38 32 29 90 31 32 58 44 58 21 8 52 35 12 78 18 13 92 5 27 89 81 1 7 67 25 79 76 5 99 71 95 53 49 72 37 0 4 40 89 52 21 94 15 80 62 12 16 26 
41 94 5 50 77 76 5 91 91 16 43 53 90 72 67 10 94 57 80 78 13 80 10 18 23 39 65 86 28 83 9 13 19 68 11 10 69 78 76 45 54 67 65 39 24 34 59 50 74 86 67 83 30 90 69 69 18 27 16 38 76 6 69 52 28 80 81 46 18 54 64 23 88 46 96 28 8 28 41 81 54 93 94 51 36 58 24 85 23 67 30 8 50 45 68 49 29 8 4 89 
87 33 77 27 18 93 6 29 87 74 19 82 21 6 6 44 15 85 33 18 46 98 17 88 67 72 10 53 69 95 14 93 85 54 56 87 67 10 13 49 16 33 28 71 88 44 29 68 94 81 19 19 82 84 7 54 19 8 64 48 24 6 96 24 24 1 75 12 40 59 87 7 24 80 3 30 59 23 73 57 42 5 73 13 87 22 39 73 69 16 32 22 60 75 51 7 59 2 39 9 
8 68 11 10 46 35 14 17 93 55 96 25 98 54 17 61 7 67 72 94 57 69 79 95 98 93 29 54 50 98 52 92 25 87 16 19 23 26 60 85 74 81 72 9 11 78 70 24 43 67 80 90 97 21 42 62 85 44 28 25 34 40 19 71 39 66 52 50 7 66 73 33 43 32 23 32 5 64 52 69 90 2 86 82 74 70 15 84 23 13 94 40 55 24 74 67 23 12 14 67 
21 70 85 92 0 72 23 72 75 85 83 99 98 13 94 49 83 92 0 29 40 74 25 30 28 27 87 0 41 98 18 94 62 7 92 93 0 25 91 23 25 84 79 85 39 67 92 54 26 73 23 65 21 34 0 88 10 32 56 62 76 23 88 66 69 52 58 9 92 8 30 34 0 21 24 4 82 29 16 12 11 79 82 32 74 22 11 90 69 71 15 77 9 79 72 80 55 25 43 12 
76 69 94 9 20 0 66 0 15 54 18 28 55 54 3 69 66 0 70 96 40 53 63 44 71 54 94 80 39 26 75 82 83 82 82 68 40 34 53 57 49 62 30 90 14 20 80 57 86 91 1 22 3 65 95 96 55 1 63 34 82 0 15 95 29 49 10 55 29 50 34 91 88 1 73 42 51 75 72 44 81 12 80 35 47 39 77 69 45 95 37 26 83 34 85 70 59 69 46 29 
94 52 83 57 30 12 73 11 39 66 71 14 56 6 95 61 64 51 68 3 44 76 21 63 87 96 10 25 5 67 70 7 48 57 49 80 57 34 15 15 21 14 65 55 39 81 54 2 21 22 64 42 85 81 72 3 74 99 15 50 58 29 78 89 47 24 41 88 9 63 96 88 86 54 78 22 49 37 9 23 63 88 89 29 87 69 60 24 99 98 86 38 31 5 19 63 86 57 2 77 
91 60 58 51 58 98 66 81 30 39 0 3 69 23 71 81 62 33 7 59 95 61 13 84 64 39 83 69 2 9 39 83 54 80 99 80 72 70 13 58 48 42 44 44 96 17 34 50 80 23 79 91 29 69 47 86 83 2 51 34 2 7 26 73 83 71 93 3 0 71 7 22 60 98 43 64 44 5 67 92 99 21 30 26 50 45 75 14 11 94 80 7 6 23 70 25 82 46 2 67 
27 48 0 8 49 24 14 40 48 31 24 31 35 34 59 54 73 57 47 37 22 7 12 52 72 10 74 45 78 76 65 73 73 93 9 90 52 59 58 64 52 20 62 63 65 99 81 21 27 22 14 67 53 34 73 25 98 95 44 14 92 61 74 41 69 43 16 46 68 7 22 48 77 39 34 51 16 79 62 89 44 95 92 12 27 21 65 98 56 86 83 47 99 30 32 47 84 77 3 54 
15 1 69 60 15 68 58 96 82 2 49 74 63 16 29 88 25 19 14 30 27 3 91 66 0 5 65 51 30 55 52 96 69 64 81 51 1 32 87 70 36 89 38 50 33 97 37 78 22 65 23 67 31 75 72 25 55 41 40 64 58 50 41 24 67 20 85 94 40 34 38 81 20 86 73 3 9 67 96 35 47 61 44 75 95 45 22 49 43 15 45 88 92 73 84 28 1 50 24 49 
16 86 58 36 58 7 82 79 88 29 18 19 87 70 12 7 55 66 77 34 4 69 81 41 33 88 91 66 86 65 28 60 47 17 30 53 2 88 9 40 37 32 47 22 87 85 13 67 53 1 66 12 67 38 98 32 21 64 5 68 95 69 4 27 0 62 36 78 26 64 79 67 69 38 60 40 83 25 14 14 39 94 51 19 88 86 97 17 3 20 2 96 59 98 76 33 77 69 87 0 
97 27 30 31 0 17 63 40 98 2 95 25 69 65 97 22 42 6 26 75 0 48 89 87 67 45 52 20 87 99 95 75 37 69 55 22 89 57 97 92 84 60 88 1 8 15 97 34 66 85 18 76 7 89 76 44 95 1 52 42 17 22 4 94 27 7 59 78 0 48 71 66 15 4 42 92 27 19 45 63 83 3 15 66 61 93 98 41 46 51 17 44 56 57 58 55 38 20 28 32 
74 32 55 75 20 65 83 66 71 1 35 57 78 5 51 54 37 91 63 24 80 73 65 25 71 29 65 56 30 80 0 96 59 29 87 62 90 36 24 17 28 26 89 0 59 62 0 64 52 20 40 38 14 41 33 35 3 44 33 98 57 60 93 6 6 65 70 9 35 71 25 56 57 5 33 11 53 6 24 7 66 34 99 67 24 59 6 44 31 21 2 21 93 19 77 49 12 50 71 70 
59 88 63 78 59 62 22 84 17 98 97 81 42 96 73 99 5 21 50 9 77 20 77 33 6 85 67 35 45 3 96 30 55 31 28 0 41 65 44 41 30 61 13 36 85 82 98 89 14 89 15 42 34 50 96 45 21 43 62 22 80 53 40 17 75 38 62 26 52 27 54 47 93 11 79 77 10 9 7 99 31 15 99 3 40 94 96 38 18 8 12 91 1 43 39 91 58 79 19 11 
48 71 38 1 1 29 47 60 70 44 30 55 59 13 84 44 3 48 14 65 68 56 12 78 33 93 89 16 5 82 41 1 92 34 15 73 3 18 93 65 24 27 33 58 58 93 33 32 6 57 48 12 67 23 10 66 72 68 54 91 71 1 79 22 88 27 69 69 42 82 69 51 9 15 78 44 13 95 89 92 42 36 68 35 5 10 66 33 89 10 30 57 37 58 5 91 81 78 49 31 
47 17 43 72 33 71 27 84 0 13 14 64 7 17 73 64 87 76 24 1 33 9 13 18 38 32 35 44 55 87 5 68 78 80 3 94 11 39 42 88 18 45 19 80 7 77 26 93 20 10 12 19 55 29 27 86 71 64 72 69 37 71 50 99 10 58 81 10 68 8 17 66 56 78 96 52 89 3 61 23 90 94 70 19 48 49 69 73 88 89 66 74 92 21 32 75 84 64 61 59 
67 77 75 35 29 65 85 83 71 91 37 58 49 42 91 20 48 89 61 62 96 39 16 22 59 78 96 15 91 40 8 39 12 90 76 11 74 13 42 95 14 86 18 38 70 26 45 28 62 85 97 74 28 74 3 26 23 20 20 13 52 24 36 32 17 39 76 82 18 66 75 62 21 42 32 71 49 45 58 33 38 14 95 98 43 79 57 22 36 77 14 27 6 80 42 40 0 89 31 7 
51 88 4 77 65 62 3 36 41 63 64 16 2 99 81 23 22 5 55 30 93 53 88 57 22 34 39 17 53 87 97 11 46 12 34 23 97 51 59 83 23 4 84 9 47 8 73 84 68 61 29 26 98 98 16 69 24 76 54 39 77 22 58 95 69 61 15 34 38 3 88 30 98 53 55 28 80 22 61 8 78 49 88 33 61 74 72 34 23 54 30 0 48 65 70 88 48 19 16 28 
87 17 50 98 59 88 28 45 10 32 28 66 72 7 22 36 99 88 30 23 59 78 93 14 13 60 50 29 94 35 22 82 81 37 65 14 21 56 2 51 92 38 93 95 25 95 77 99 3 57 93 49 61 90 18 83 93 99 80 93 16 84 99 20 64 88 22 72 61 54 27 23 48 88 38 3 73 99 39 42 39 44 33 24 81 53 60 61 87 87 13 19 73 34 61 90 23 5 39 2 
7 84 34 93 14 43 14 70 73 5 86 41 79 21 86 96 63 0 29 21 96 3 62 88 22 86 38 24 83 1 38 41 50 37 71 77 64 70 1 7 41 61 68 51 36 77 88 20 5 18 44 22 99 39 41 84 71 31 80 41 11 66 69 57 34 34 34 78 11 54 79 68 17 69 59 54 98 38 71 49 34 91 9 82 81 68 32 91 23 57 78 82 16 38 82 26 65 58 67 54 
77 18 28 71 95 35 78 16 92 51 3 12 32 35 44 95 34 5 45 33 3 13 80 71 77 96 59 92 32 17 98 47 26 34 60 41 66 86 61 54 86 97 16 35 35 23 17 18 89 74 58 33 94 9 42 20 51 33 18 66 58 19 3 54 26 18 52 6 4 83 92 76 58 78 74 50 77 90 13 23 54 16 82 20 1 20 8 97 34 20 70 33 81 29 6 91 88 99 78 26 
13 77 3 37 21 1 42 59 75 1 30 70 10 13 25 26 87 43 70 49 61 5 95 45 1 42 52 26 28 48 83 4 86 80 10 18 2 22 46 0 76 14 17 3 77 28 94 19 77 8 0 86 45 81 72 94 75 47 59 82 39 81 72 73 39 72 45 16 95 6 83 83 13 51 6 53 19 98 99 3 46 70 22 94 69 19 11 72 83 62 68 68 21 95 19 9 11 54 88 17 
40 96 14 14 45 60 10 9 2 9 75 86 31 50 4 22 58 35 23 38 96 33 68 13 13 29 30 52 35 25 35 21 50 48 29 78 22 16 91 39 73 88 30 79 60 22 70 97 11 25 17 29 75 68 93 31 60 67 7 82 99 14 98 58 9 63 54 22 84 22 27 71 46 12 1 27 80 32 21 73 69 94 99 45 71 1 65 22 17 6 56 15 45 39 2 35 12 84 80 4 
28 49 45 49 45 95 22 50 0 80 75 52 11 25 42 90 29 62 83 44 45 53 44 34 48 18 25 15 60 35 94 10 42 54 52 68 72 71 62 0 51 96 33 91 26 14 54 8 80 10 30 35 47 28 38 96 66 31 57 51 92 17 22 69 73 27 42 82 96 48 89 32 90 6 44 66 74 2 3 42 17 66 8 92 32 28 40 25 48 12 40 43 93 8 15 77 22 20 22 61 
32 9 36 8 96 98 7 9 26 40 62 42 20 9 64 59 16 28 49 49 5 67 96 50 51 35 25 66 16 43 80 61 97 54 33 22 38 50 1 68 23 25 65 90 28 15 26 72 90 48 29 31 34 56 63 14 61 31 40 39 72 2 20 60 22 59 14 75 44 40 24 46 16 95 82 75 70 57 10 51 18 20 44 41 90 1 63 29 27 10 76 2 97 68 98 89 41 77 5 35 
33 7 55 32 62 40 43 21 33 97 76 67 6 53 22 13 22 24 67 48 62 31 17 97 92 2 82 95 94 7 72 41 78 48 85 34 92 24 18 19 26 66 68 49 31 2 59 24 33 68 23 3 50 63 43 1 45 94 24 83 66 93 6 3 14 26 28 84 79 53 70 3 84 49 14 77 16 32 84 82 84 10 3 18 50 88 39 66 35 66 92 9 13 23 34 63 61 93 75 94 
3 49 63 71 32 32 86 15 51 89 19 34 27 53 87 69 63 32 47 7 99 98 70 49 98 30 18 38 37 70 66 67 83 43 60 60 53 58 45 83 40 59 25 30 37 25 75 47 60 99 16 14 64 97 55 98 94 93 13 12 44 31 57 25 12 48 23 10 20 99 61 52 56 46 59 56 83 54 83 37 90 71 23 77 51 35 61 6 44 33 11 40 10 19 56 74 25 15 79 28 
97 92 91 16 15 92 11 69 52 61 39 39 41 10 78 57 99 76 85 39 37 53 0 12 88 67 84 11 99 12 20 96 3 32 8 53 40 23 35 93 61 93 23 73 76 20 91 18 9 13 40 22 97 29 68 90 22 5 43 47 81 15 74 28 51 7 94 28 28 71 53 92 13 63 64 15 63 83 36 95 5 69 20 95 91 53 35 3 11 24 86 20 28 49 97 77 8 6 55 25 
50 50 19 97 5 37 4 24 80 97 87 58 34 24 35 86 27 94 21 19 80 8 82 80 3 13 14 99 3 8 42 15 83 50 84 10 56 53 36 81 8 34 83 45 32 91 12 42 54 99 47 74 76 6 81 36 11 20 11 50 83 85 86 23 78 42 99 69 43 39 37 86 10 44 63 1 65 9 22 32 28 93 59 8 72 93 17 80 32 92 77 25 57 78 73 94 64 39 14 15 
66 13 29 59 48 89 97 74 82 10 27 76 44 42 74 64 31 5 68 60 49 31 33 57 89 82 98 58 5 32 12 28 52 97 18 40 94 12 56 44 62 90 30 82 7 64 45 87 6 7 36 76 55 85 97 47 2 89 77 63 44 25 9 19 14 67 27 88 97 30 8 30 39 74 19 10 93 19 14 29 9 58 64 11 85 44 55 64 41 55 38 83 26 67 49 42 59 97 59 49 
9 74 53 90 1 45 66 71 20 73 63 6 7 46 15 74 80 10 21 83 9 29 61 40 74 16 12 83 16 57 68 89 57 52 91 82 65 84 55 35 15 80 38 10 24 19 35 89 19 99 49 15 99 86 38 76 17 46 78 31 9 10 57 93 45 84 55 67 39 98 90 52 76 64 17 96 78 58 15 68 59 1 18 39 30 67 45 21 58 37 24 82 45 45 74 33 15 35 75 45 
50 55 55 31 44 63 75 61 6 99 63 11 64 22 7 72 11 2 10 92 42 52 24 63 60 85 87 68 80 48 16 83 18 87 15 96 66 27 88 69 43 8 39 69 1 41 66 2 73 90 38 56 84 27 55 76 15 74 80 43 35 75 38 87 89 87 20 26 63 19 32 56 7 15 83 80 83 55 70 49 5 84 87 71 77 14 90 23 26 56 49 23 42 85 38 95 65 6 99 55 
62 44 79 26 42 75 83 34 25 99 99 9 23 2 94 11 53 74 3 77 64 68 74 58 5 53 74 56 2 28 1 65 36 53 69 86 53 8 43 44 56 57 61 41 62 23 16 37 19 82 32 14 98 9 51 52 37 67 8 46 85 62 52 65 24 74 6 14 32 91 52 73 39 89 64 15 19 23 19 33 88 54 79 46 79 40 61 31 58 64 95 52 21 79 66 43 79 15 94 88 
30 67 44 7 47 36 52 61 77 35 61 67 79 87 86 88 88 47 26 38 27 51 94 60 39 79 69 46 25 61 69 29 19 37 4 80 95 13 29 55 81 90 4 90 89 56 84 58 61 80 60 36 13 20 27 60 63 23 3 4 93 75 67 20 1 31 1 17 4 85 68 3 62 12 2 48 86 45 8 46 57 19 17 42 87 72 17 13 4 98 59 35 56 34 20 87 94 75 49 62 
70 22 7 52 13 89 54 31 45 86 92 9 28 34 7 60 2 86 84 47 63 24 77 76 93 20 97 20 46 57 14 11 92 46 15 49 82 34 72 88 50 20 3 7 16 27 20 45 45 86 80 62 35 77 80 51 57 67 60 52 62 55 10 80 15 17 97 43 72 58 56 19 58 2 5 39 50 61 26 75 45 40 57 62 69 66 42 4 11 19 43 79 65 47 67 72 54 77 19 58 
80 98 18 11 1 29 94 7 57 25 80 12 42 97 67 50 9 59 46 98 20 26 40 73 13 72 96 8 70 80 15 50 93 85 86 38 82 44 66 13 46 70 17 37 11 80 26 3 50 82 32 83 96 22 13 70 7 27 93 0 58 90 52 78 88 47 4 58 82 35 17 30 24 44 59 54 5 94 50 33 16 97 17 61 86 50 93 13 85 75 98 8 91 13 93 8 32 4 64 20 
20 34 8 38 85 56 5 51 15 85 19 56 88 55 67 57 14 67 35 48 35 68 7 16 49 39 4 38 50 9 10 20 57 86 29 12 13 5 71 4 10 47 13 87 34 36 99 78 46 72 1 21 5 26 24 55 83 31 80 5 25 5 98 13 93 14 73 74 86 59 57 72 61 84 13 52 17 17 45 54 15 41 50 52 65 26 9 51 90 2 49 17 31 65 1 37 3 82 33 74 
1 42 43 72 49 79 61 73 54 33 22 67 72 31 2 27 10 7 98 42 69 71 39 13 61 23 9 50 3 71 95 1 16 75 61 72 98 24 35 43 21 84 56 87 99 76 49 73 94 6 15 57 29 38 10 43 73 9 92 33 82 4 17 15 47 73 56 24 35 59 45 62 16 95 29 0 56 91 79 81 57 50 96 75 53 79 54 85 11 79 4 14 4 49 85 44 98 12 54 72 
28 1 65 62 98 89 99 82 44 29 44 16 37 31 94 34 30 87 95 28 10 19 47 81 73 51 21 87 96 65 68 7 91 76 2 14 81 14 12 95 39 28 64 46 87 33 75 84 23 61 89 60 63 75 71 38 99 69 76 14 29 31 91 10 69 27 95 91 2 15 58 86 88 67 92 39 26 5 24 34 5 78 61 5 86 91 78 40 69 71 65 27 42 39 29 49 93 35 50 69 
56 31 15 22 79 38 10 2 55 22 10 44 88 96 29 90 54 1 51 0 41 38 42 3 67 75 8 76 56 66 38 64 64 62 38 24 10 10 35 13 41 52 43 26 55 17 46 49 63 3 86 82 83 29 22 53 95 93 66 99 69 91 27 56 33 37 67 0 83 30 16 82 2 96 25 48 67 21 69 48 70 24 99 70 0 12 85 91 43 4 25 41 74 31 21 65 0 11 22 9 
10 58 67 94 82 45 67 93 23 30 44 24 55 85 50 99 76 71 79 67 82 49 24 52 27 81 52 46 88 72 75 1 8 99 34 1 82 87 97 70 32 50 25 84 53 33 87 27 98 99 16 3 45 95 14 62 90 17 88 92 46 96 46 38 4 0 64 90 30 38 58 35 41 61 26 42 57 80 34 64 95 99 8 21 15 6 65 56 96 59 61 31 46 60 67 41 95 89 64 55 
5 75 80 4 7 53 97 8 86 98 71 39 2 56 0 49 73 39 96 74 88 72 35 63 51 99 26 18 25 71 16 90 48 37 70 5 90 32 17 0 49 52 54 68 32 60 98 17 87 49 3 7 15 99 7 56 82 77 87 61 37 29 59 92 58 25 52 25 29 13 34 36 78 5 91 87 1 21 47 92 16 48 6 68 4 92 39 45 14 87 67 82 88 23 1 65 20 98 34 70 
1 89 24 8 28 45 39 19 68 87 20 41 77 80 33 54 81 52 92 7 20 48 28 44 5 93 82 13 82 16 4 62 21 63 99 74 79 57 36 38 98 52 55 5 41 14 33 15 54 90 27 54 55 77 20 36 25 92 10 7 43 27 67 46 18 87 3 65 36 88 4 6 30 58 94 60 9 17 32 23 0 26 3 30 36 80 1 62 92 79 53 60 99 12 9 53 55 21 76 44 
63 10 45 72 44 57 71 86 0 13 79 4 7 61 11 23 71 31 85 46 53 31 19 20 31 46 67 69 73 38 26 80 7 60 81 3 62 75 60 94 95 27 30 33 34 74 9 16 23 98 30 32 36 63 40 3 83 29 94 28 19 53 29 81 49 33 42 89 78 90 60 41 29 74 66 73 82 53 52 35 80 3 14 87 39 75 20 29 50 94 20 55 14 99 53 18 53 21 82 68 
28 85 38 80 63 30 41 9 58 67 95 6 55 40 28 93 31 39 60 22 57 64 31 94 86 78 7 73 10 13 32 37 53 93 64 1 81 4 97 77 79 95 28 58 16 24 11 56 94 44 90 5 16 59 57 41 38 45 25 24 68 20 40 8 5 21 69 32 90 95 24 32 32 93 34 90 59 0 53 97 16 85 11 79 62 96 80 12 11 29 8 24 32 86 70 17 39 89 17 7 
91 31 60 20 82 65 33 40 62 43 93 95 57 6 88 72 23 82 94 10 24 36 29 93 98 15 33 48 19 61 72 56 3 37 60 35 33 24 9 46 40 53 83 80 84 28 47 24 52 89 81 56 66 89 51 23 53 72 28 76 55 50 30 21 43 32 92 26 60 61 78 49 87 58 95 34 5 82 54 71 89 18 0 94 36 48 73 6 42 20 96 26 20 75 20 4 15 60 76 97 
52 81 56 29 59 87 45 62 5 12 36 20 1 60 27 20 7 57 29 73 96 44 98 46 5 69 68 17 10 98 79 68 32 31 92 2 38 55 2 52 40 7 16 20 45 71 22 82 23 37 82 57 76 63 74 36 0 75 99 42 48 48 19 47 33 35 96 84 57 79 48 80 41 66 24 51 0 35 25 47 39 88 96 62 30 21 84 12 41 49 41 93 6 41 27 97 62 33 17 98 
83 65 16 42 45 33 83 29 39 65 60 5 48 16 62 92 97 90 33 81 37 59 51 92 84 2 52 99 68 74 32 33 61 19 87 53 63 32 17 46 22 32 99 62 17 11 78 27 9 71 43 37 36 50 83 25 37 53 88 21 39 85 83 53 38 5 23 14 16 64 14 21 68 73 98 47 23 40 3 74 19 95 51 22 61 77 27 53 82 41 84 83 70 70 16 54 12 49 69 17 
63 40 30 52 21 46 26 7 13 80 29 54 39 50 46 37 41 76 37 3 54 10 0 61 61 14 1 36 71 73 22 34 6 85 17 1 14 82 1 44 12 85 81 16 36 57 95 98 15 60 67 77 18 33 81 14 94 44 16 2 32 93 25 93 50 65 64 69 39 94 60 76 83 93 13 49 39 95 17 44 60 19 36 9 26 41 17 55 82 0 32 94 67 19 1 9 77 31 85 92 
43 32 20 12 63 80 82 12 64 72 78 32 95 24 60 36 89 62 85 52 52 66 21 54 35 25 28 83 79 4 1 77 99 3 79 12 32 69 76 0 50 24 29 75 13 52 90 66 39 53 42 93 1 39 87 95 57 11 61 35 15 22 60 33 3 11 55 88 41 96 16 76 61 84 66 67 14 65 76 79 2 97 27 82 36 58 65 0 8 3 8 41 58 32 79 41 74 21 74 40 
83 41 20 9 22 44 68 60 37 98 65 55 27 74 95 78 3 12 25 55 25 27 21 25 51 94 36 15 24 59 86 87 57 61 6 3 77 22 69 24 31 0 37 9 21 57 52 63 22 60 2 50 63 34 72 2 11 45 13 75 86 48 86 2 40 59 24 98 97 4 44 49 51 98 40 98 77 13 17 67 91 46 29 42 71 5 81 6 34 0 53 43 88 33 50 45 11 83 92 5 
7 33 90 13 26 28 83 78 54 74 90 11 39 90 68 27 57 10 48 87 15 19 3 77 9 28 6 92 59 57 57 38 26 46 13 10 59 6 44 9 26 65 23 99 13 57 20 5 48 23 93 54 63 74 5 7 26 36 62 11 48 86 99 79 95 9 6 89 27 61 0 55 29 36 84 22 94 22 49 76 65 40 80 99 57 82 2 63 66 94 42 53 13 86 97 49 82 52 77 21 
13 32 91 15 57 38 21 26 73 74 48 11 19 52 94 33 54 39 34 46 54 93 54 88 31 15 65 36 74 99 82 60 78 67 26 59 91 76 98 9 80 43 47 51 79 79 29 58 13 47 9 27 97 25 18 10 89 79 78 67 51 64 94 16 86 63 11 25 74 24 63 56 87 7 72 8 36 37 66 88 39 92 99 16 68 74 42 60 76 61 48 40 87 61 67 50 76 27 84 90 
99 13 76 71 7 90 49 30 75 3 2 32 7 5 8 55 59 53 10 37 27 22 15 17 39 98 71 78 29 75 83 33 61 3 85 9 92 90 36 33 0 48 47 46 34 91 8 57 53 69 27 27 79 32 55 35 98 9 24 0 64 72 78 36 66 15 83 52 1 85 91 36 10 36 95 41 80 68 67 42 91 58 43 64 47 45 41 34 1 60 96 71 78 57 72 49 54 32 44 26 
3 66 36 33 93 64 21 51 40 34 21 94 4 17 91 73 20 21 11 86 51 7 2 33 38 50 97 97 50 66 62 16 5 66 26 14 95 86 84 58 55 65 71 36 81 37 56 98 58 35 70 70 6 36 42 80 21 16 88 68 74 22 75 26 56 0 81 76 49 53 90 99 4 12 15 62 69 6 68 67 64 71 55 36 78 29 63 57 11 61 11 26 97 35 9 11 79 88 89 51 
86 10 62 98 8 39 18 2 5 5 9 32 47 57 0 34 8 29 31 0 63 8 97 67 20 33 66 49 3 3 34 10 52 31 72 67 26 22 13 21 49 77 42 60 90 38 43 49 92 41 57 28 42 86 10 58 66 73 36 34 32 55 68 90 91 51 40 1 95 50 62 55 52 26 11 8 18 97 82 8 81 28 69 83 87 73 46 4 80 74 54 15 45 39 39 4 68 99 2 18 
55 53 27 75 91 85 75 52 62 66 83 37 20 18 79 55 11 56 66 45 1 16 40 64 91 56 63 26 39 98 10 52 57 10 35 91 29 13 16 20 95 54 13 66 76 67 48 93 65 35 96 25 90 40 94 33 65 88 56 72 15 36 32 28 57 74 14 81 91 34 89 28 29 79 99 97 42 92 14 61 78 87 65 56 31 80 32 66 32 62 31 96 68 93 85 53 53 79 55 94 
56 64 2 43 83 44 7 96 34 36 2 47 18 67 61 89 67 71 86 22 99 46 98 84 60 78 31 93 14 4 16 46 65 48 79 55 86 22 64 71 23 39 88 54 24 44 13 10 99 2 40 50 47 25 70 94 73 94 87 26 55 70 88 93 9 93 60 70 37 3 98 0 74 2 25 75 80 60 39 41 14 63 54 86 32 26 92 88 51 73 18 58 25 12 27 58 77 0 66 17 
13 18 69 93 6 88 51 22 75 73 65 74 97 33 44 50 13 53 70 94 27 8 98 7 87 42 21 3 45 63 31 43 29 80 1 0 99 21 88 27 73 87 41 39 51 24 35 50 62 91 14 82 56 54 25 49 7 16 22 58 12 76 44 50 42 43 86 39 55 86 34 42 77 76 25 3 5 73 73 45 56 99 99 23 55 59 41 46 26 39 19 56 35 23 6 56 47 10 48 67 
0 30 79 71 32 2 32 97 78 15 15 16 11 53 28 20 60 36 40 81 59 22 94 0 97 50 67 70 85 58 8 39 50 93 86 69 58 0 82 62 83 42 38 31 87 2 75 86 34 24 61 17 94 90 0 32 71 35 93 84 32 9 20 53 46 48 39 17 46 83 90 6 84 79 32 42 78 76 11 33 62 87 64 11 29 45 18 26 16 14 66 78 7 34 73 39 51 90 1 79 
96 10 74 73 40 41 3 89 63 82 4 77 87 57 85 71 65 37 98 95 89 81 84 20 71 45 84 98 91 79 22 3 17 17 81 11 68 8 6 31 16 73 90 37 78 55 47 20 49 58 53 23 34 2 25 93 55 67 39 34 75 35 97 61 21 52 23 3 39 21 44 82 61 11 69 3 59 68 88 76 31 10 64 62 50 93 19 6 36 35 88 55 73 75 70 8 31 44 48 70 
18 47 7 40 92 39 9 33 77 41 28 37 3 43 42 68 97 72 77 15 93 97 46 37 81 10 1 21 76 28 1 36 57 50 94 90 42 78 42 56 72 49 33 88 98 85 98 96 25 49 91 68 83 46 28 95 83 77 3 64 59 89 24 29 35 54 57 72 21 22 65 3 73 60 88 37 24 6 42 11 71 63 5 97 34 17 84 10 18 43 98 53 57 86 62 45 52 80 28 77 
81 17 8 12 36 6 93 76 92 24 85 46 70 15 7 17 17 94 57 38 86 68 95 56 54 91 87 15 37 7 91 51 10 51 0 49 36 44 64 17 27 98 99 30 72 32 41 70 77 69 27 67 12 44 50 28 9 88 44 44 38 80 10 56 71 54 2 28 42 97 66 59 20 69 92 74 57 70 59 78 61 47 38 89 8 20 36 47 18 74 35 4 94 66 65 13 4 72 8 55 
82 77 9 87 76 88 36 81 62 81 1 86 98 11 66 35 45 43 71 39 59 52 2 71 6 33 52 58 22 93 12 79 34 97 91 41 39 51 3 62 47 78 88 25 19 90 19 2 84 53 29 53 41 10 79 57 93 73 16 82 9 15 36 83 41 92 22 77 24 62 29 34 59 36 54 13 65 87 73 26 12 19 60 24 87 9 40 78 68 75 15 95 60 52 6 57 1 62 64 7 
55 10 18 77 75 55 84 20 15 22 0 47 70 4 66 6 91 23 52 17 35 22 63 95 8 60 45 87 35 4 24 62 33 90 38 79 58 0 47 3 90 87 72 73 25 0 30 41 53 7 83 31 53 90 14 99 28 5 5 70 54 37 93 28 62 10 22 63 33 30 57 38 86 59 62 79 2 60 51 90 86 54 64 12 38 88 10 75 69 1 9 66 95 45 81 7 21 91 4 91 
43 97 48 89 70 89 72 51 49 30 79 65 37 10 65 20 68 15 41 14 18 39 11 43 17 9 75 56 31 28 50 89 93 18 98 72 87 37 72 3 69 57 9 2 32 26 81 18 72 99 13 26 8 88 94 36 37 0 47 86 20 33 54 58 11 0 5 22 20 48 28 24 26 74 21 53 0 35 76 76 9 33 45 73 75 27 42 19 98 54 17 95 55 59 50 66 80 15 48 96 
26 73 42 38 42 83 11 25 15 12 15 96 57 32 40 4 30 48 7 98 29 67 89 65 12 37 64 52 76 96 87 70 68 76 80 4 90 75 55 11 21 45 56 87 20 44 84 55 58 87 38 86 90 64 47 97 40 11 58 26 65 69 98 72 55 34 40 88 41 7 13 91 6 34 28 57 27 45 12 82 50 61 13 67 56 96 59 51 31 70 59 98 4 25 41 18 31 98 53 88 
85 61 94 97 61 24 91 54 62 36 8 25 7 93 81 56 0 11 42 67 12 81 58 17 40 45 24 75 83 36 15 41 38 51 88 49 22 2 2 93 0 48 68 79 36 55 87 11 49 86 26 9 24 20 81 67 43 75 35 33 4 88 54 87 73 13 68 19 30 68 19 95 77 42 8 93 18 32 9 86 56 88 60 56 78 12 83 3 9 22 82 98 29 79 98 1 54 18 91 98 
69 3 31 48 15 37 60 35 41 47 24 78 60 86 41 13 59 55 56 83 23 87 17 99 67 40 39 65 68 58 59 99 26 62 63 80 27 81 1 25 0 8 41 51 30 70 47 68 26 64 52 33 29 32 80 83 33 16 37 57 60 93 62 54 66 45 66 51 88 18 93 39 31 64 3 36 22 62 40 29 16 28 59 18 94 47 56 84 84 62 48 66 65 7 66 79 92 1 59 60 
24 53 45 68 11 78 81 75 15 14 94 24 1 49 98 38 74 88 11 56 83 78 64 44 44 49 57 81 17 85 32 77 55 53 86 61 92 86 17 70 17 32 39 32 96 42 51 97 87 65 98 72 3 44 5 19 44 91 2 49 24 1 32 72 58 78 22 50 97 77 14 66 53 26 82 90 58 95 71 67 35 20 50 92 20 85 28 18 42 71 48 96 74 30 11 54 69 85 11 91 
91 10 44 43 47 27 11 18 82 81 7 23 82 93 13 64 53 32 51 38 34 87 29 84 67 94 16 67 11 57 91 88 82 61 43 85 71 32 65 56 5 79 73 14 49 78 53 20 31 1 95 16 43 30 92 97 42 68 65 58 33 74 88 0 81 14 79 75 95 64 70 64 38 49 19 88 79 37 49 79 17 49 77 86 81 57 65 73 47 97 37 13 74 41 1 9 8 34 88 71 
