66 4 49 83 28 32 10 19 58 73 22 52 79 79 66 66 8 88 88 55 10 15 93 66 5 31 74 56 23 43 65 86 33 8 17 22 69 44 59 53 13 2 3 68 23 62 54 50 78 39 28 61 51 53 29 48 31 0 8 97 48 58 60 67 58 16 19 90 64 16 8 30 40 1 4 44 27 55 2 74 16 69 75 34 31 5 64 14 1 2 98 66 86 75 73 97 29 19 75 88 
95 24 47 89 2 61 36 40 96 35 44 72 25 66 83 84 69 36 58 5 6 45 48 87 60 7 86 88 93 1 18 8 83 25 38 43 24 6 57 72 46 21 75 74 63 15 65 44 94 92 40 4 66 98 38 99 39 81 44 27 19 78 62 58 62 50 8 8 53 84 10 7 92 77 59 17 10 59 9 33 5 92 64 25 58 92 68 32 62 2 96 36 34 59 76 66 36 11 13 68 
26 44 83 2 98 16 24 41 75 70 24 25 11 4 91 90 14 20 54 68 78 48 16 5 59 79 40 83 48 64 77 11 39 89 17 97 98 57 30 21 22 85 96 78 28 9 42 85 25 69 92 40 74 85 17 95 33 38 83 42 19 78 56 92 11 88 98 20 65 0 5 39 70 31 30 69 79 94 39 71 4 19 26 4 12 49 8 38 25 29 51 67 9 96 38 9 18 3 63 87 
18 57 41 41 64 32 83 98 93 95 72 43 90 50 21 99 61 90 64 65 91 39 6 66 17 11 11 56 93 60 32 62 11 49 94 48 39 41 85 49 41 25 92 35 80 31 51 19 99 2 56 82 78 84 23 99 51 22 59 2 96 43 74 0 8 11 88 80 24 37 26 93 68 75 50 45 26 29 77 46 10 60 26 95 90 77 29 13 61 45 2 83 38 66 71 42 82 55 79 29 
98 96 69 56 26 45 0 82 3 72 40 45 85 81 13 81 57 89 98 78 0 36 57 70 28 71 57 48 9 70 56 90 38 87 98 80 74 19 57 18 47 17 30 4 21 28 53 20 64 52 21 80 34 0 6 76 94 62 46 30 76 59 37 28 76 41 76 30 12 54 37 33 84 47 21 63 94 73 82 60 22 30 38 92 31 84 31 46 23 1 4 55 8 3 7 12 31 18 53 90 
81 53 56 39 59 6 68 45 47 37 68 88 97 80 1 9 35 12 14 62 91 18 10 9 72 88 55 75 52 38 24 95 61 65 58 87 15 3 6 99 68 82 15 94 81 53 18 45 33 25 1 76 35 33 23 98 77 56 60 96 38 18 33 71 75 49 59 66 14 73 25 90 18 19 19 68 55 62 5 98 81 2 70 78 79 92 25 15 2 50 41 50 54 1 76 92 52 77 35 32 
8 12 60 4 1 65 48 39 59 46 98 89 12 3 99 58 38 9 39 4 4 99 44 16 47 24 94 23 59 97 30 45 78 44 59 45 24 18 98 7 56 77 49 90 2 69 99 14 21 55 77 65 47 38 52 79 62 90 13 44 77 6 89 37 24 90 58 39 4 57 1 39 98 51 22 61 30 46 78 8 23 99 27 13 30 83 9 91 30 23 6 26 22 39 50 3 73 29 5 64 
64 66 18 73 99 61 1 45 17 1 43 77 65 31 97 57 33 59 94 76 40 15 65 59 85 48 90 85 73 6 32 85 1 14 11 51 24 26 51 80 90 67 36 56 94 46 43 53 42 73 53 94 40 51 27 17 98 30 82 17 66 56 51 86 55 8 6 50 68 62 50 12 22 66 96 55 12 25 37 13 46 41 93 72 33 42 14 61 34 88 96 12 49 79 59 39 37 40 29 18 
13 78 28 82 53 25 59 16 76 82 64 1 12 55 58 44 16 28 96 7 9 10 70 13 77 99 34 0 0 75 6 70 63 13 95 82 2 85 98 88 72 92 62 33 14 56 89 44 4 46 91 91 7 57 43 70 96 41 69 80 3 24 60 96 87 99 13 56 57 96 15 87 8 55 80 80 96 27 24 45 10 59 1 65 22 36 14 1 42 20 73 45 15 43 46 50 69 97 89 67 
87 25 43 1 15 4 55 99 83 33 36 54 65 91 77 4 61 67 85 95 8 80 72 41 43 37 22 61 56 62 14 68 28 45 18 17 14 62 33 34 67 76 97 17 62 31 83 37 62 15 91 76 46 94 8 40 36 12 39 25 85 46 98 63 95 74 73 97 52 17 48 81 51 10 44 48 81 89 34 76 9 87 64 40 63 29 67 32 49 99 17 6 47 94 28 8 73 79 6 3 
66 50 47 55 12 67 11 32 93 12 96 89 27 3 0 83 24 81 23 60 79 95 76 76 27 44 76 47 57 0 47 68 16 4 93 62 65 17 36 57 95 1 80 64 80 95 31 72 20 7 31 19 98 82 0 38 33 67 30 43 16 94 94 60 21 83 64 88 3 50 81 79 74 90 14 72 39 40 85 12 96 58 90 58 49 19 5 69 96 56 58 14 58 56 41 18 22 20 55 10 
57 94 84 25 39 6 42 74 85 25 58 43 23 82 90 13 17 43 39 81 40 5 80 94 98 66 82 52 86 9 42 24 64 59 40 93 57 70 93 82 37 51 78 9 30 51 98 8 61 32 50 90 42 65 28 8 61 44 79 72 2 5 17 10 72 67 12 81 89 32 5 64 20 92 70 90 69 38 62 14 14 16 87 79 10 84 55 32 10 91 91 27 49 25 88 71 32 13 66 62 
82 70 71 72 38 74 92 33 47 38 14 29 15 31 60 70 67 71 23 25 82 51 74 1 68 47 79 28 40 10 97 72 77 92 63 9 30 29 2 95 65 44 38 67 81 91 47 21 34 29 13 73 24 46 52 50 18 10 94 57 30 45 29 22 70 96 38 69 13 67 22 97 46 11 62 61 99 26 26 61 18 23 26 10 89 78 81 97 20 18 89 50 43 50 58 26 16 12 66 98 
42 14 42 64 7 19 99 35 30 40 39 18 88 79 68 57 68 58 49 35 82 64 68 91 30 69 8 98 92 0 1 93 81 70 16 59 15 12 43 60 46 83 60 28 32 19 5 22 62 78 44 97 39 75 84 44 45 27 71 23 1 42 77 5 68 81 30 81 3 95 39 98 54 49 31 26 97 27 11 68 47 39 50 81 16 68 35 64 52 23 4 57 68 52 48 40 81 5 70 97 
22 35 80 63 7 14 23 53 56 45 80 9 2 88 56 91 92 89 42 92 24 70 61 92 45 74 45 88 4 45 86 80 18 60 72 88 28 92 43 53 36 79 87 11 52 50 8 1 40 48 70 88 5 90 63 87 2 74 51 26 30 14 97 70 88 91 41 93 50 81 93 6 26 64 88 63 24 59 23 85 23 17 34 64 46 85 99 44 42 18 32 86 27 71 51 47 58 47 25 50 
45 88 12 60 65 61 54 37 91 65 86 92 62 90 29 19 76 3 19 61 51 33 67 52 34 52 28 91 12 72 14 86 60 98 32 35 90 61 75 97 60 28 75 70 1 29 73 75 58 98 9 43 42 40 20 60 99 74 76 85 53 75 11 83 47 42 57 86 56 80 22 18 20 50 72 39 39 89 57 70 69 44 19 98 50 54 35 65 12 27 75 18 14 23 4 35 3 28 51 6 
48 66 15 38 95 13 19 19 5 51 92 29 56 53 99 1 4 51 40 12 66 17 69 78 15 12 92 31 96 76 47 23 38 60 55 39 16 13 30 69 78 26 8 32 8 83 63 33 55 3 11 97 0 96 35 61 31 66 29 74 33 83 43 37 21 65 24 98 91 52 48 86 98 86 44 75 21 72 25 47 76 11 41 36 56 87 83 63 34 74 14 58 99 60 36 48 50 10 91 70 
2 48 81 67 99 64 92 13 98 35 32 93 3 2 68 65 18 30 54 83 81 83 63 93 17 27 86 27 72 21 4 37 66 28 36 45 67 22 92 15 83 33 96 59 55 32 85 39 79 9 57 90 56 34 72 12 84 17 58 83 52 20 28 97 50 1 55 27 78 19 1 73 94 37 25 43 80 54 29 68 71 21 30 92 66 98 58 99 40 73 10 60 85 87 73 36 20 14 77 20 
37 68 21 99 56 95 99 36 51 11 54 78 33 37 79 29 8 39 79 90 28 83 68 38 52 64 73 24 20 31 6 99 4 19 41 89 68 35 58 73 60 80 98 86 78 9 74 49 5 85 16 45 1 16 90 69 61 25 34 53 67 24 47 81 62 11 29 63 4 98 10 87 94 27 11 60 93 66 21 0 2 93 30 71 54 15 34 72 75 2 54 37 53 82 34 14 84 80 6 20 
76 99 95 86 30 50 31 19 75 83 19 65 35 42 95 70 19 4 23 37 50 21 71 3 73 32 4 54 69 23 34 21 73 3 86 9 0 40 73 40 23 12 3 1 63 12 36 20 74 16 77 58 63 72 47 38 3 51 89 20 6 99 35 42 23 12 53 70 27 50 36 84 82 17 75 0 39 76 62 62 65 66 52 64 18 6 53 79 89 89 58 42 74 60 35 79 29 16 33 15 
27 63 2 97 0 7 66 22 70 33 28 83 80 74 31 22 74 0 13 82 48 12 5 82 78 23 52 47 32 43 63 29 37 19 34 11 36 1 40 30 88 47 5 93 52 80 36 34 84 97 99 90 79 64 0 5 10 63 49 84 83 99 41 0 57 91 12 16 87 0 29 62 83 7 83 22 49 61 19 38 52 61 63 37 12 95 1 79 89 16 1 12 7 38 5 52 2 41 32 50 
24 43 61 84 1 32 97 19 50 44 58 11 13 93 9 1 91 7 6 79 23 50 6 72 67 60 86 45 85 67 2 75 28 54 64 73 46 34 31 52 7 98 6 65 87 79 21 23 33 43 42 11 14 26 39 28 36 35 47 74 73 57 18 1 50 97 67 37 79 89 21 45 78 37 75 16 56 9 35 23 94 92 36 89 47 32 60 28 62 89 22 8 91 58 21 29 51 85 28 92 
20 34 50 37 97 56 13 80 21 95 99 77 5 85 46 58 73 50 41 39 28 17 38 51 55 50 33 10 98 73 72 17 8 64 17 26 36 24 33 44 12 80 14 49 3 2 99 6 62 94 74 50 62 96 91 7 4 5 95 86 68 93 24 69 79 8 3 90 44 23 45 37 13 0 58 86 99 64 83 52 74 35 31 69 34 17 9 52 2 24 64 79 41 58 38 68 91 17 5 66 
8 48 59 83 0 87 97 57 82 6 86 22 98 41 32 92 17 8 16 33 70 38 42 2 8 91 72 74 89 7 35 74 25 3 85 14 72 34 73 18 76 8 0 74 74 77 50 31 30 17 40 99 20 35 19 55 98 60 80 51 80 22 21 53 31 41 65 30 85 64 84 9 48 58 41 41 5 66 35 22 91 65 5 35 19 68 93 54 14 78 80 26 58 99 8 69 1 52 5 34 
20 57 4 94 74 93 65 55 80 61 56 16 68 87 99 62 96 52 86 70 37 36 27 73 43 73 54 96 88 47 79 68 17 26 95 84 67 60 57 88 46 72 98 54 30 28 46 7 31 59 29 97 18 2 68 94 80 36 1 71 47 75 90 74 3 41 96 17 51 15 99 44 12 45 59 64 89 10 67 97 67 94 37 41 14 25 57 98 1 13 39 14 79 98 78 33 99 5 98 11 
21 63 40 66 5 16 21 26 64 3 48 63 0 88 44 71 61 96 41 29 65 87 10 97 56 91 43 24 12 79 7 39 82 51 65 3 46 15 15 71 48 87 43 6 87 33 97 67 66 51 36 2 21 70 32 11 57 7 89 5 11 53 78 64 10 71 52 35 78 68 20 21 40 84 34 30 40 17 24 0 42 6 22 67 40 3 79 6 70 41 84 94 87 78 15 32 24 96 15 82 
71 98 66 78 49 0 75 43 62 89 69 28 44 54 43 78 55 52 70 12 56 1 92 52 21 67 38 41 16 5 0 32 82 54 96 39 90 47 44 88 46 24 96 93 1 66 79 92 85 84 73 82 83 75 13 7 21 63 47 12 51 26 85 44 93 11 70 12 16 51 95 47 11 31 45 92 52 59 75 37 7 20 72 19 94 28 79 91 14 98 63 85 37 64 45 79 12 9 64 33 
59 82 71 34 66 40 76 73 38 91 5 40 25 82 35 85 38 3 87 72 89 40 80 52 21 2 24 37 3 48 34 49 54 23 52 38 75 13 30 40 11 36 10 71 62 17 10 90 38 52 31 89 89 78 51 93 24 36 62 86 52 57 56 1 45 67 18 79 61 42 29 80 94 78 67 64 71 34 61 31 27 76 72 47 83 35 41 71 41 71 98 94 6 59 18 13 18 17 45 52 
4 74 78 70 55 11 14 60 55 35 36 60 41 18 7 95 30 23 92 7 9 89 74 72 99 39 24 97 62 25 77 19 10 57 34 38 99 9 89 99 83 23 31 49 27 66 90 42 79 55 37 5 35 56 94 62 59 8 94 49 12 84 54 46 72 99 31 32 74 24 98 29 6 19 22 22 70 89 83 75 70 34 85 57 40 44 28 78 36 42 33 21 74 32 20 34 77 33 23 88 
99 50 43 29 5 17 6 54 65 62 77 80 34 92 99 7 12 72 45 5 35 41 23 48 28 55 47 55 66 57 77 26 3 29 59 89 84 28 89 11 76 77 91 47 59 58 50 54 50 68 13 94 91 70 33 23 27 81 7 85 74 30 76 21 22 48 81 59 66 0 65 75 81 35 83 70 91 87 0 47 95 76 0 3 57 56 12 54 35 85 5 35 91 37 22 66 63 36 11 32 
39 38 72 83 94 15 72 10 31 95 88 58 90 49 7 58 16 15 91 5 19 15 43 19 97 28 26 9 78 36 12 4 8 77 36 58 71 5 46 3 74 62 2 11 56 50 96 57 34 32 17 59 23 3 26 55 65 42 88 18 56 0 16 38 41 77 28 10 41 77 89 48 70 61 50 82 56 87 33 30 39 82 56 18 97 90 87 64 59 88 20 13 97 29 87 68 93 63 67 33 
44 12 53 54 59 95 16 3 23 17 48 45 84 69 83 72 31 63 93 69 30 61 82 65 36 61 89 32 45 85 91 80 87 65 86 62 42 25 4 21 33 71 3 44 77 25 93 62 57 50 43 0 23 21 54 35 22 22 14 3 65 26 51 83 90 9 72 82 39 42 34 41 69 25 25 33 17 79 64 52 80 63 3 51 37 60 60 3 6 44 59 25 84 59 83 66 47 23 92 98 
97 66 38 51 20 68 73 94 61 18 87 90 48 87 36 56 1 91 76 69 17 70 46 77 50 86 3 68 55 35 24 28 20 77 32 63 17 67 9 37 56 27 38 43 44 22 5 85 27 61 27 85 87 88 4 77 76 6 75 55 25 13 81 26 70 84 85 36 96 98 56 83 39 17 5 0 64 10 40 10 90 43 51 22 59 98 22 43 26 12 15 37 67 10 76 18 96 58 39 88 
7 85 70 19 74 28 61 37 77 73 0 9 18 3 5 74 81 81 90 32 59 54 19 19 69 17 51 62 9 63 95 53 0 29 7 3 44 92 28 46 55 10 45 60 1 3 94 51 43 92 30 36 20 18 67 53 96 6 84 58 75 60 98 52 99 9 23 61 25 10 75 43 18 66 67 45 48 71 68 86 42 99 96 51 84 80 88 14 84 62 13 72 50 36 74 29 41 50 38 58 
54 69 22 28 85 63 59 50 98 53 33 62 81 83 74 8 44 43 56 96 8 12 80 75 15 7 1 75 34 51 4 94 19 21 38 20 88 35 7 96 41 67 40 53 5 99 51 9 20 75 0 45 53 28 60 74 42 18 38 76 57 60 74 73 3 83 73 28 32 62 36 42 93 20 52 81 1 83 10 60 23 36 61 30 42 30 89 10 58 8 92 62 67 1 30 66 11 94 25 12 
61 99 66 50 31 81 23 91 27 51 69 2 54 51 61 35 76 79 70 99 84 9 21 22 59 79 21 19 39 58 44 84 62 82 86 50 50 49 48 47 15 28 43 78 36 67 42 0 59 51 41 89 63 18 64 96 6 73 0 10 74 8 60 43 91 23 46 11 40 16 43 33 75 49 80 38 85 32 91 52 6 28 37 31 28 57 77 80 83 11 77 20 92 35 20 11 86 15 32 69 
46 3 68 85 52 31 28 32 43 86 11 5 1 44 26 51 71 13 96 17 43 62 66 37 62 27 51 58 85 25 26 0 6 56 3 26 36 65 31 14 36 30 92 89 9 38 8 39 7 31 73 9 78 41 13 16 44 33 67 77 36 1 46 12 80 58 76 33 23 23 1 6 20 96 33 57 30 30 48 56 8 85 12 42 19 76 96 15 53 32 91 48 96 3 39 20 52 10 95 70 
81 21 51 37 40 38 54 48 71 21 76 69 71 78 61 21 74 4 90 28 62 60 67 35 60 36 52 41 96 78 52 85 89 20 87 2 64 46 19 20 85 50 89 12 16 6 57 73 56 43 39 56 66 85 19 89 66 12 67 27 47 93 24 14 63 59 86 35 83 99 12 19 27 74 84 24 86 98 78 12 89 88 51 31 90 4 87 83 87 93 27 34 91 75 97 81 28 54 89 6 
49 74 97 74 62 23 55 12 86 37 89 0 65 76 98 25 78 4 27 74 45 49 76 90 45 77 44 57 52 34 66 20 68 5 54 73 94 43 27 53 71 40 39 27 54 93 20 13 97 70 11 7 32 31 90 22 44 78 22 75 70 6 27 53 37 62 80 84 70 22 97 95 26 49 22 59 67 2 89 4 7 16 92 13 12 0 13 63 16 50 97 15 67 54 6 17 47 69 17 99 
6 58 20 21 91 38 48 24 54 8 73 47 61 49 4 75 91 26 85 49 83 30 59 45 26 75 9 27 40 13 94 61 0 65 51 53 97 2 79 0 71 29 12 91 31 70 68 64 84 96 79 52 19 49 39 84 12 8 3 36 88 46 56 36 49 98 84 81 65 6 57 18 52 99 70 23 48 45 17 37 45 71 33 80 56 95 88 77 24 41 87 33 16 12 89 70 64 26 6 30 
6 5 73 29 34 22 52 66 37 97 65 70 35 57 20 77 87 25 40 17 39 71 99 40 44 16 39 4 59 60 69 64 57 79 67 2 32 21 20 47 42 14 14 27 57 73 9 58 60 18 10 50 9 5 2 53 79 93 92 57 54 92 29 15 77 45 95 97 63 24 43 95 66 77 43 92 19 47 2 8 10 18 26 76 89 31 28 38 18 71 22 75 82 91 2 54 19 74 28 22 
58 7 82 42 37 28 47 32 75 24 69 47 37 93 68 85 75 81 41 25 52 74 48 20 47 35 72 19 54 66 88 8 51 27 35 24 40 74 40 36 11 87 8 99 59 12 32 79 77 96 69 56 62 87 41 73 24 51 91 84 83 53 79 4 82 46 64 81 83 44 49 16 27 68 21 91 85 34 62 56 36 99 8 1 15 58 19 38 33 76 39 30 62 92 83 15 68 43 64 52 
33 68 50 64 64 8 70 89 54 80 18 26 75 23 19 4 76 93 17 35 68 56 32 5 2 34 69 94 1 39 26 86 79 33 35 32 97 61 21 23 20 0 40 54 20 10 92 47 97 62 51 7 58 18 50 92 8 96 85 20 76 0 12 27 0 24 12 19 84 62 69 30 99 41 20 27 3 50 56 13 17 96 21 84 14 34 6 81 7 84 99 88 66 5 45 63 37 52 37 46 
14 16 10 18 32 40 99 19 69 11 32 85 37 88 7 44 14 85 74 30 84 4 24 45 14 43 81 14 17 89 18 58 25 81 72 94 83 99 63 20 66 3 78 88 16 24 73 56 14 66 36 32 82 20 90 28 73 81 44 3 25 71 7 12 57 88 79 40 39 13 86 43 81 84 48 82 67 86 32 8 11 13 98 51 66 90 43 25 39 99 54 60 5 27 76 91 62 50 91 2 
77 6 18 52 47 54 64 26 61 86 10 7 5 79 2 22 28 4 9 44 43 85 99 79 56 48 78 30 58 54 0 1 0 31 65 99 67 27 12 22 27 26 20 83 7 91 23 15 47 46 34 13 25 44 99 29 3 86 79 12 48 36 94 57 69 67 9 87 86 93 79 4 53 9 87 78 2 89 32 68 27 90 9 47 2 87 39 46 29 54 64 82 98 40 98 98 63 90 52 10 
55 55 81 9 14 60 17 29 13 90 3 94 33 78 41 80 30 7 1 69 3 63 34 96 89 23 30 15 27 68 41 10 67 94 1 81 78 69 72 88 73 24 71 5 49 41 56 98 4 6 2 43 24 13 36 70 72 20 11 41 25 2 76 84 90 1 89 28 70 86 54 63 21 98 40 17 18 44 25 10 29 98 91 13 77 37 65 36 7 43 62 45 76 16 37 84 63 80 60 34 
6 26 21 77 38 97 46 81 41 42 4 75 81 11 50 61 74 62 71 13 28 53 33 29 28 96 20 45 67 11 94 82 25 26 8 12 76 19 21 23 10 19 29 75 78 47 57 39 82 8 81 74 9 17 74 1 19 60 37 93 57 23 71 25 56 24 71 66 30 39 33 65 4 23 20 40 47 88 91 5 26 24 38 11 30 15 68 39 6 83 80 34 98 19 68 87 87 47 41 92 
69 42 82 4 99 95 13 59 18 62 63 82 57 21 72 36 48 8 30 21 76 37 61 1 89 16 95 96 29 88 40 93 0 94 96 4 57 70 56 4 68 39 51 65 80 39 22 49 58 99 74 0 3 91 4 42 43 73 97 48 50 34 67 31 76 37 8 0 95 45 86 35 8 37 62 87 58 42 80 33 98 36 79 60 51 72 17 25 43 30 14 74 43 97 2 48 84 27 12 66 
95 47 49 96 27 51 72 48 48 27 54 93 77 79 25 25 13 69 89 41 83 3 87 48 92 53 13 9 89 26 70 40 25 28 10 54 88 86 21 19 25 17 65 22 13 33 20 55 1 64 94 63 24 89 22 72 36 7 77 34 31 48 8 67 9 36 82 26 24 93 13 42 62 29 83 29 66 81 44 77 86 7 18 55 76 27 93 23 40 58 92 59 21 49 20 95 62 16 27 52 
14 0 56 27 83 9 65 13 0 84 69 93 29 70 31 97 19 33 34 80 60 99 67 76 11 91 96 8 92 39 91 56 7 83 18 87 39 67 43 25 21 81 71 69 49 87 19 93 72 40 19 93 6 16 98 92 63 56 94 25 64 69 64 50 95 59 35 74 71 3 6 0 12 88 22 78 55 56 84 95 96 86 15 44 49 95 94 9 74 0 37 71 66 2 92 97 9 91 43 40 
42 79 52 63 59 69 30 27 14 37 8 78 63 26 22 90 15 80 45 41 23 89 12 38 41 27 66 82 22 55 43 77 77 57 63 90 91 97 64 30 51 12 26 3 44 21 7 23 57 41 61 57 24 37 41 90 94 28 58 77 13 36 33 40 19 57 73 45 75 23 62 33 46 67 50 50 59 49 4 71 46 16 29 48 97 67 43 27 84 15 23 38 3 33 46 30 41 89 28 12 
55 11 26 21 38 9 12 87 65 61 76 30 51 97 88 24 7 16 38 17 96 30 3 41 83 23 79 43 3 35 91 90 49 34 22 82 55 75 24 34 58 58 55 67 59 10 60 47 26 63 74 31 69 8 49 86 26 88 62 83 56 31 73 4 79 47 88 40 87 32 82 30 45 47 69 55 51 5 80 66 29 0 3 14 36 78 65 52 4 66 25 89 40 39 72 30 45 78 86 87 
8 72 62 36 71 84 47 66 98 29 68 17 68 31 74 10 21 62 35 44 68 64 27 35 25 25 27 64 52 4 18 54 18 83 92 32 55 1 15 44 93 59 23 88 5 69 33 67 35 83 28 18 6 39 28 67 96 8 98 86 11 80 11 42 46 18 44 82 58 75 66 69 24 94 31 54 69 41 61 4 15 86 58 18 52 22 55 66 72 73 61 31 44 2 97 19 71 20 46 6 
16 97 60 56 30 34 24 45 71 51 38 43 56 49 26 3 7 25 98 16 87 30 4 88 76 14 36 93 34 61 3 43 0 31 86 95 79 3 48 7 89 16 41 74 75 39 13 59 86 5 48 73 37 54 67 66 77 73 55 40 99 10 37 19 94 58 34 4 29 58 0 9 11 95 12 58 83 88 13 52 39 28 61 60 75 10 38 90 23 42 16 71 85 62 86 12 24 33 94 44 
94 10 92 71 34 92 97 59 45 25 8 71 26 41 25 39 77 64 22 11 94 34 79 3 5 41 68 87 47 92 52 78 10 40 88 68 26 28 34 45 85 37 24 92 16 33 92 72 10 39 1 60 12 4 30 20 94 32 21 27 74 80 62 4 42 50 97 26 66 94 33 19 50 72 71 74 49 74 51 28 99 19 80 92 12 20 62 46 13 50 95 74 10 88 43 24 9 6 77 27 
35 30 65 54 76 43 75 67 40 11 52 74 23 53 76 80 60 26 63 5 9 35 92 82 78 52 11 43 20 72 6 4 60 89 2 95 29 53 78 37 9 0 12 52 23 16 19 52 5 47 90 56 91 24 59 96 36 53 17 69 43 2 38 9 6 66 48 19 26 38 3 5 90 78 48 72 62 44 95 52 30 50 25 69 91 80 96 48 16 81 79 46 37 46 15 50 44 1 6 77 
78 58 90 79 17 28 74 79 25 2 31 16 95 15 25 6 96 31 15 54 27 43 76 90 51 52 23 50 55 46 78 56 83 6 59 87 2 6 71 89 92 49 6 95 2 35 39 8 19 97 79 50 17 84 56 16 88 90 36 27 59 34 0 43 1 97 50 72 62 85 88 22 94 41 86 94 88 77 17 47 63 95 2 27 73 98 63 45 49 98 37 43 51 36 34 31 81 80 79 4 
56 80 0 66 59 59 46 41 4 89 45 34 57 32 76 62 24 24 78 69 17 39 98 83 0 9 17 16 95 94 50 1 18 51 54 12 37 13 14 80 72 64 34 51 16 17 43 84 42 10 43 48 73 70 67 54 13 47 77 62 38 75 47 36 85 3 60 58 65 10 30 43 20 5 0 80 49 81 96 74 33 17 67 78 17 10 80 82 75 97 78 5 30 87 2 68 75 19 25 98 
10 83 86 81 53 60 54 6 23 52 43 71 52 84 94 90 76 75 17 9 41 76 17 48 85 91 32 11 40 27 25 36 90 94 22 99 79 57 10 21 27 86 73 94 89 28 97 57 67 73 10 37 76 86 52 0 68 38 67 95 75 99 0 10 85 98 94 90 85 1 11 48 41 68 92 54 77 43 14 84 61 41 39 80 20 2 81 5 74 44 52 74 17 20 22 27 64 16 74 63 
96 39 33 53 36 45 21 12 87 71 19 44 91 78 68 10 16 48 94 11 17 86 52 18 10 85 63 62 87 22 14 17 75 36 20 66 73 21 97 84 67 96 82 20 12 77 73 85 16 89 49 2 5 35 9 52 69 3 27 0 69 62 19 3 99 27 44 24 39 69 71 70 71 12 41 59 69 60 83 83 18 3 4 29 35 55 53 87 18 25 82 21 86 4 3 56 12 64 46 31 
7 48 78 57 61 97 63 44 66 9 4 66 83 81 81 86 95 43 23 57 59 79 64 13 4 42 71 1 37 43 32 95 80 18 36 55 37 34 16 0 62 4 66 52 58 24 3 63 64 54 79 76 93 41 74 99 77 70 4 14 66 5 71 95 47 68 76 58 76 88 67 83 41 15 71 78 88 10 90 25 11 4 60 49 2 32 10 5 17 76 33 59 73 33 36 12 24 8 82 11 
30 66 82 89 45 12 13 31 32 98 94 3 95 74 56 68 6 47 73 61 61 6 5 52 95 91 61 30 82 17 13 49 86 24 60 13 39 55 27 57 16 89 67 35 69 34 6 77 1 98 92 0 4 70 86 28 87 20 48 37 50 64 87 94 44 58 29 93 14 2 68 50 80 30 61 59 73 55 62 35 18 38 98 90 32 39 51 76 2 7 63 57 15 83 63 17 42 13 21 63 
47 71 42 59 34 13 92 84 70 30 96 63 1 98 50 2 50 46 63 8 43 48 8 50 54 1 85 45 25 8 29 32 45 41 64 88 63 74 76 22 52 21 24 30 99 22 46 14 60 18 64 84 44 52 78 47 34 71 82 23 80 44 47 76 66 89 70 25 94 62 25 21 64 11 82 89 4 67 45 36 18 11 81 52 21 74 72 13 80 11 24 87 1 32 68 7 98 50 76 77 
24 36 24 33 10 48 19 87 43 96 38 17 3 74 54 47 59 10 52 20 43 99 72 52 88 92 16 76 83 20 82 74 96 32 47 45 17 41 33 51 57 89 83 41 88 85 39 58 86 41 81 72 60 75 98 60 50 92 84 4 86 59 68 62 88 35 7 50 38 93 5 28 57 2 39 96 1 87 45 62 69 49 87 81 63 5 27 69 3 13 94 11 65 56 98 78 24 4 81 8 
80 37 32 23 28 36 94 5 61 77 22 48 85 73 26 22 39 87 25 24 34 74 68 57 68 58 84 42 33 11 79 83 44 31 60 56 98 2 68 97 76 53 43 67 13 54 94 49 33 77 50 89 76 79 93 6 67 10 55 93 83 73 75 75 54 97 83 35 98 93 17 36 16 6 60 86 46 14 47 44 80 93 0 84 32 73 88 54 89 46 21 29 17 85 76 55 89 86 12 24 
72 7 94 22 2 88 42 92 48 88 41 63 73 49 97 44 47 14 75 4 54 36 75 92 20 19 21 97 22 7 70 66 33 63 13 23 53 12 71 58 54 56 1 64 96 89 40 31 4 5 69 61 7 8 58 19 83 60 84 43 80 99 35 67 5 46 63 15 2 89 49 44 76 39 77 78 88 11 77 19 32 59 22 33 48 16 60 62 39 71 0 74 16 62 62 77 83 30 57 73 
84 19 22 30 68 40 26 64 81 17 39 5 31 2 13 32 36 46 55 61 59 60 5 37 41 61 91 5 4 94 45 42 17 35 88 84 55 71 1 95 64 98 8 9 72 37 28 69 84 42 98 7 56 43 3 54 88 83 10 78 79 30 9 6 77 64 94 21 4 25 16 39 17 75 47 98 72 81 78 34 67 10 60 50 86 53 94 79 48 12 23 42 93 11 91 85 33 26 35 18 
88 37 25 4 75 31 0 98 50 89 76 9 14 88 27 52 8 97 10 6 70 64 50 31 6 52 41 99 45 69 21 99 26 55 43 33 99 42 95 83 39 69 0 19 12 3 34 66 91 96 51 60 94 12 59 30 81 77 1 39 28 74 47 76 68 4 17 8 72 12 41 18 38 37 59 92 74 16 65 99 10 81 82 44 47 59 66 47 27 94 17 70 87 77 21 81 46 87 29 11 
39 78 96 51 60 18 33 91 0 78 56 41 50 60 65 57 86 2 39 74 91 52 28 88 21 44 67 65 29 20 26 95 96 31 1 18 56 87 27 82 49 69 19 38 66 89 29 70 86 31 94 23 26 47 10 29 83 5 25 1 29 96 84 84 34 95 48 42 15 92 83 67 6 65 54 88 23 33 3 93 84 4 60 93 63 49 3 97 21 83 83 46 29 53 15 69 65 23 74 96 
73 30 74 87 42 39 41 41 93 35 13 68 3 33 19 1 35 76 79 31 34 94 49 77 90 42 63 48 94 90 65 12 33 40 73 50 90 54 9 1 19 51 85 75 28 60 65 55 21 91 10 45 82 87 8 93 7 88 68 51 85 40 95 70 76 74 83 68 5 71 68 94 89 82 77 68 31 59 8 11 70 3 0 17 50 1 94 77 89 33 6 15 53 74 46 38 89 93 39 24 
64 76 47 30 65 39 15 66 11 30 78 49 74 26 85 64 46 73 28 32 84 92 49 44 43 23 88 4 69 40 47 4 6 55 55 7 44 10 18 24 88 31 50 64 64 94 33 73 1 65 43 51 11 61 38 82 55 43 4 75 47 99 38 26 56 52 82 39 37 31 78 3 7 52 79 41 13 47 45 34 36 35 21 74 98 81 75 4 12 55 94 80 4 3 80 19 98 37 38 31 
89 15 46 99 40 44 75 52 32 71 87 41 99 7 28 1 51 3 65 60 94 74 37 31 20 58 72 7 75 48 77 38 59 18 76 12 78 52 93 21 10 64 57 56 25 23 11 12 7 23 77 0 10 8 99 64 18 19 80 57 84 44 5 38 77 42 87 45 38 83 5 24 74 70 53 77 42 65 65 10 21 50 77 45 20 29 59 31 99 83 99 3 16 50 9 93 11 69 31 35 
96 5 63 25 25 39 5 8 35 0 72 52 14 35 3 86 43 2 45 71 66 28 26 15 16 17 92 52 7 90 57 95 15 46 39 39 71 41 7 87 12 97 23 14 53 10 49 17 92 22 1 45 32 41 23 98 56 93 40 51 50 73 11 99 19 67 17 71 63 84 89 56 72 47 62 24 76 84 85 68 98 42 87 33 16 86 15 0 63 51 88 10 66 3 78 31 22 51 65 9 
57 22 10 61 40 74 49 30 95 44 38 5 90 13 12 67 79 44 30 96 21 94 84 40 87 3 2 9 25 47 32 97 51 57 94 48 95 26 24 67 63 54 72 66 48 79 98 67 89 2 93 72 75 54 28 35 21 78 64 55 58 30 84 62 14 32 68 70 42 52 43 24 76 59 83 87 79 80 86 4 53 61 94 14 57 55 68 9 15 10 74 59 37 36 34 54 93 4 54 14 
9 87 14 10 33 78 31 82 11 85 33 72 87 31 22 11 58 54 68 31 89 61 41 83 74 65 79 75 74 40 75 6 15 4 89 50 43 47 8 94 69 21 41 13 48 38 2 55 91 62 73 21 8 35 78 56 32 42 65 14 49 52 19 36 36 94 40 27 89 74 74 6 61 80 32 28 32 82 53 42 27 59 45 86 40 82 24 13 3 22 54 11 87 64 75 73 41 17 20 8 
28 84 53 3 58 79 72 32 10 73 26 3 31 82 93 56 60 64 86 92 0 21 88 29 60 45 25 13 18 25 95 12 56 8 69 41 17 33 83 35 27 73 43 76 55 98 78 41 89 88 38 63 95 83 93 14 51 42 90 28 50 99 18 80 76 94 42 11 58 50 96 23 67 49 55 63 42 68 6 42 82 3 51 7 83 49 12 68 48 12 54 57 10 14 54 40 68 99 97 75 
52 99 26 41 57 50 78 73 92 46 71 15 40 8 61 68 85 51 33 12 17 25 66 78 26 38 18 4 86 90 16 63 31 78 7 89 97 99 60 50 31 18 43 64 66 7 40 62 8 83 95 86 23 95 40 69 52 72 5 4 19 80 89 44 84 82 18 15 60 32 48 9 40 63 12 80 9 21 88 8 21 71 56 50 49 82 26 79 99 7 33 27 70 59 98 90 23 28 23 23 
94 33 61 36 94 54 49 81 21 44 73 64 15 98 83 51 9 56 2 60 1 63 61 46 12 33 29 5 19 34 98 36 22 95 40 81 86 26 38 61 65 23 95 52 71 13 32 23 63 67 14 35 83 92 32 53 60 13 28 69 65 75 39 64 5 21 98 37 39 75 50 41 42 7 54 37 97 86 4 84 44 7 72 30 96 3 8 60 36 28 13 93 12 92 54 37 46 96 79 96 
31 94 3 92 59 62 46 83 20 56 13 75 60 82 22 39 45 3 64 99 68 45 31 62 69 83 4 3 90 10 59 89 30 34 28 8 1 63 36 57 29 20 96 20 22 74 71 27 93 57 24 21 61 80 26 96 68 10 27 0 21 6 47 82 62 43 77 99 59 66 50 33 99 36 1 66 87 78 59 94 97 60 28 31 59 94 45 83 64 97 80 83 62 65 81 45 8 65 78 63 
62 36 53 17 35 91 25 46 82 35 62 48 0 36 1 22 45 58 98 19 5 27 4 91 13 17 38 83 78 1 48 18 82 16 70 86 60 33 14 45 76 60 84 92 71 69 9 35 80 20 28 95 29 12 85 57 16 1 55 40 36 86 13 0 66 94 59 56 91 7 98 33 49 17 65 7 6 72 77 5 27 76 12 80 29 60 93 93 80 1 35 60 70 44 18 3 30 7 82 42 
36 48 19 3 80 46 73 38 52 52 37 47 27 99 56 42 60 39 46 35 28 81 49 58 91 32 59 69 71 30 26 34 90 92 75 98 29 32 12 3 50 45 46 96 28 4 33 53 95 14 82 70 22 82 99 88 35 65 77 96 21 19 14 18 9 32 36 52 61 38 51 22 67 48 98 13 49 56 15 21 37 9 48 40 62 56 88 4 31 55 30 66 24 11 36 23 39 55 32 47 
48 72 56 17 24 20 15 6 86 25 74 58 8 10 43 71 93 33 12 63 63 75 60 16 90 16 11 13 81 81 2 88 69 23 28 82 32 13 23 71 9 33 15 43 56 31 17 12 62 91 7 60 70 24 22 69 46 93 27 20 98 86 66 31 45 18 64 46 32 44 8 60 91 40 4 97 54 83 1 62 63 13 69 93 53 98 55 3 54 43 68 11 4 79 32 88 72 69 62 9 
48 20 97 72 19 88 79 72 30 3 39 43 57 32 30 96 99 22 13 44 18 80 18 28 7 27 84 54 81 29 52 7 31 81 1 32 14 31 70 60 71 22 59 94 18 59 50 75 25 79 99 77 48 63 29 45 40 59 62 46 48 29 96 44 26 24 50 16 11 33 79 20 54 68 41 6 58 14 93 0 98 17 65 70 97 29 13 75 59 2 14 69 26 81 88 95 96 12 19 84 
80 68 37 50 46 29 9 28 97 29 19 15 47 77 78 79 23 56 54 66 43 72 44 77 35 6 23 5 66 97 68 20 65 90 8 16 8 90 40 92 62 49 52 2 92 29 56 11 26 74 65 1 28 17 32 78 6 71 57 58 15 99 69 91 23 98 87 55 20 26 56 17 85 29 21 44 40 36 98 96 14 87 56 38 44 82 47 38 44 20 49 70 48 95 14 86 46 69 4 39 
21 46 98 9 43 37 80 92 60 91 85 80 66 41 41 99 8 66 99 35 28 42 25 29 60 92 43 14 1 58 86 11 43 48 55 58 52 18 55 3 39 16 79 0 38 98 62 13 63 5 22 42 11 71 4 27 4 91 8 32 65 29 93 85 40 30 97 45 99 27 64 37 62 90 93 8 59 98 29 44 7 56 58 11 84 54 10 55 24 54 82 91 53 62 49 7 89 16 46 34 
85 32 65 54 96 25 23 79 97 55 16 23 96 74 5 18 16 80 96 14 51 40 15 58 22 46 46 98 61 56 68 9 9 82 8 21 74 58 46 7 31 99 97 92 47 43 69 23 47 19 80 68 10 66 76 20 68 80 41 14 46 0 17 9 52 32 15 39 79 24 52 38 42 38 47 53 64 40 12 9 60 50 15 21 84 46 50 82 30 77 56 11 28 87 59 92 33 18 1 49 
24 83 87 41 57 18 33 19 42 4 9 10 76 97 85 80 78 91 35 40 84 27 44 84 48 54 76 0 9 89 86 89 9 24 37 0 41 73 97 2 66 67 15 12 90 65 39 55 19 1 81 6 84 32 94 99 5 0 67 66 16 67 82 3 57 30 12 91 33 42 6 18 79 94 4 24 43 1 59 92 64 77 51 12 23 72 24 90 53 81 12 74 93 27 73 9 53 49 98 37 
46 78 96 87 50 39 63 37 74 29 27 72 89 41 56 45 0 37 52 94 5 22 39 91 20 78 71 21 0 54 1 20 0 76 35 64 3 57 64 33 72 22 53 83 61 20 62 78 56 97 28 50 31 69 96 43 55 18 24 28 31 44 72 70 90 12 55 74 53 89 27 78 61 95 19 44 72 59 44 35 74 0 2 40 91 1 7 72 92 82 8 55 98 19 15 40 85 6 57 13 
4 81 84 25 40 40 68 17 40 36 62 64 8 36 57 6 69 55 84 75 67 54 67 91 12 36 46 69 92 23 3 45 21 32 56 14 50 30 43 96 70 90 92 29 54 79 36 34 7 65 51 0 57 27 45 71 41 13 33 83 96 38 22 73 92 42 41 5 2 48 86 78 93 22 26 13 81 8 57 42 72 58 85 51 13 40 51 57 46 33 92 60 52 39 14 3 92 68 20 74 
20 22 40 31 95 59 68 57 69 84 95 86 86 90 4 83 28 78 23 23 43 37 51 30 93 27 4 73 58 65 25 56 34 24 45 94 56 25 42 18 33 46 62 28 62 82 17 37 34 35 71 71 39 63 94 11 91 9 18 96 13 14 37 68 42 39 5 41 13 36 20 73 34 74 66 62 71 9 45 77 34 17 97 46 31 74 81 75 21 9 18 84 42 89 82 82 24 62 92 82 
90 41 22 21 35 32 19 54 41 79 22 83 45 44 7 59 74 34 24 12 39 28 95 57 53 0 42 58 29 2 10 98 38 79 17 45 45 57 93 6 58 97 38 91 86 10 3 60 81 28 52 0 70 9 36 66 73 74 40 4 49 74 95 5 98 86 55 48 44 68 28 23 32 90 24 21 86 57 55 31 88 7 71 69 50 8 35 36 27 44 87 87 15 10 84 59 69 59 5 87 
51 26 97 80 95 50 31 80 12 36 98 97 22 15 43 69 86 62 11 27 58 29 73 24 32 86 7 80 72 57 84 74 62 37 38 55 72 98 25 97 9 48 64 82 99 93 70 69 59 14 52 35 3 45 73 19 47 19 33 95 86 32 55 5 46 55 52 30 43 49 89 52 25 64 85 46 29 72 14 92 93 56 78 92 21 41 43 96 81 76 27 1 16 33 65 28 47 8 12 22 
15 43 51 13 51 40 61 89 9 16 78 84 83 24 41 2 97 88 87 31 93 97 19 30 22 3 80 46 80 70 84 19 48 52 59 0 52 72 20 74 98 50 13 71 1 63 57 36 38 86 93 56 52 71 39 86 23 14 75 16 70 95 2 45 0 9 73 84 99 5 94 42 6 89 93 70 56 0 10 3 77 67 29 18 34 29 49 5 91 63 45 46 49 15 65 60 8 73 5 94 
5 94 75 33 5 81 69 49 36 72 16 83 2 56 15 22 54 83 11 30 96 45 36 32 88 68 36 27 79 1 47 42 89 4 91 23 56 3 41 64 64 25 23 56 92 4 51 24 36 86 84 6 91 48 71 90 99 12 49 79 35 7 75 60 12 77 70 60 10 53 93 91 41 85 43 42 20 92 53 32 77 72 60 49 27 24 58 19 71 10 67 88 92 6 46 36 42 72 69 91 
13 33 57 57 75 92 57 28 77 62 22 77 49 52 31 43 6 50 21 76 96 7 82 26 23 35 34 5 86 54 78 38 26 67 13 43 45 61 75 71 16 84 36 73 96 83 52 8 56 65 33 70 9 22 90 69 92 28 92 97 60 69 55 55 44 42 61 85 71 16 7 67 80 58 92 22 4 31 49 3 30 6 12 26 51 55 83 28 86 48 61 54 53 40 86 3 12 74 77 3 
86 65 95 80 2 74 71 81 68 43 42 54 4 99 99 59 73 18 21 20 18 19 59 9 97 67 29 41 37 71 58 5 90 93 49 42 38 90 99 22 86 8 49 59 13 38 10 4 96 0 28 29 87 94 88 45 27 30 34 39 13 74 78 50 26 90 75 24 67 54 54 40 66 96 59 19 13 7 50 48 20 68 60 47 90 84 35 36 56 22 55 63 60 82 66 19 47 67 79 68 
29 76 27 53 26 53 56 1 54 20 33 96 80 35 73 62 6 33 63 4 68 79 75 18 55 55 31 80 8 73 68 48 21 62 93 91 83 3 56 83 6 19 61 44 20 23 56 37 12 9 58 94 58 43 46 12 66 82 59 53 78 70 42 45 59 47 10 43 72 85 44 3 65 8 12 36 29 34 59 70 4 45 51 70 22 12 16 57 16 82 28 10 92 33 41 74 23 92 49 49 
26 43 34 11 20 49 88 8 31 48 72 95 73 32 54 16 37 85 33 33 22 67 57 10 67 15 65 89 75 88 34 5 92 5 8 20 14 72 32 75 93 23 9 17 95 59 31 36 51 47 9 91 23 10 17 67 87 79 82 12 46 51 33 54 52 8 44 17 48 29 7 46 56 61 24 8 76 73 26 17 83 56 60 52 48 78 62 11 15 65 92 68 46 29 66 98 66 67 88 25 
14 2 23 81 36 78 31 47 41 18 67 73 98 83 94 72 52 3 59 31 20 93 59 53 83 63 37 91 67 10 19 67 95 37 43 56 52 64 12 80 9 34 30 98 31 45 91 79 80 9 28 30 9 64 83 31 87 88 94 70 95 73 12 41 64 5 71 71 36 89 14 57 22 54 75 40 27 68 59 37 0 49 1 34 99 85 61 6 43 69 38 95 97 9 9 41 84 39 3 9 
57 4 17 31 44 37 75 37 2 91 75 9 71 70 94 53 13 44 19 13 97 96 51 13 62 77 53 40 12 2 75 12 59 2 33 26 32 76 52 44 15 98 77 69 10 49 71 21 84 74 54 61 17 60 30 22 17 50 84 37 24 82 11 2 93 18 38 65 2 85 47 36 30 86 39 19 88 21 12 88 15 50 27 62 63 6 56 40 31 47 6 78 55 31 83 24 52 72 76 82 
