87 82 8 45 71 28 50 71 99 34 72 41 67 79 65 19 72 38 6 98 59 82 77 95 56 0 90 11 76 52 42 89 22 86 74 46 6 43 18 36 55 30 55 74 10 98 81 59 26 20 97 82 50 6 54 93 9 12 98 20 32 66 8 87 85 93 75 46 95 97 94 58 42 99 86 33 40 36 63 14 76 30 99 97 14 37 19 99 83 24 47 75 31 93 0 80 48 7 59 31 
77 95 61 7 66 81 34 33 94 43 79 3 18 2 27 88 76 0 15 7 88 30 88 35 41 27 29 92 32 64 6 6 56 21 57 34 78 16 3 87 35 57 80 55 93 38 34 26 83 8 75 18 15 17 14 24 55 43 25 54 32 33 40 74 29 76 4 25 39 45 36 27 55 25 12 74 89 73 77 37 79 83 47 39 33 73 18 56 28 32 74 7 56 12 49 84 87 42 79 41 
91 70 11 76 39 15 65 99 0 7 9 38 73 35 35 20 17 54 61 96 12 68 13 94 25 2 92 55 18 53 46 85 85 96 42 82 69 6 56 82 4 40 97 71 96 50 63 49 95 43 78 7 52 42 98 72 70 36 98 53 35 20 88 33 49 92 14 86 56 32 49 12 52 68 68 36 12 70 38 55 68 30 4 71 86 90 41 0 31 44 35 74 49 6 7 35 92 24 47 16 
33 36 67 57 77 23 57 20 10 14 26 78 14 63 78 64 53 68 37 79 33 88 71 35 64 93 93 49 1 62 33 23 38 14 48 84 22 33 1 4 77 18 73 93 28 24 9 83 78 76 4 53 3 98 78 12 45 72 87 39 72 5 64 20 26 10 86 42 7 26 8 92 57 1 16 52 11 98 9 52 55 34 44 69 89 68 31 36 86 87 53 78 82 48 71 74 90 17 94 50 
32 98 54 11 58 97 43 17 13 97 26 50 35 10 14 19 76 25 43 32 78 98 70 77 18 25 87 78 76 77 72 69 42 73 87 81 53 25 29 17 25 1 12 13 66 21 21 33 99 61 94 47 34 77 44 58 76 31 84 12 98 47 3 31 92 12 54 43 69 49 3 95 51 59 54 71 25 97 31 48 70 68 68 18 36 16 25 46 68 94 98 83 28 99 29 79 82 69 77 33 
35 49 14 97 8 45 45 73 79 19 90 11 42 33 89 41 55 55 58 43 15 42 41 87 0 26 40 29 57 70 78 70 70 58 28 11 23 5 77 30 29 52 68 72 85 50 12 67 59 46 35 93 84 35 24 82 44 94 49 71 40 33 50 39 54 18 33 34 0 81 50 8 33 6 19 27 77 71 99 40 13 93 40 76 52 97 96 41 16 61 88 98 99 84 52 43 99 26 3 34 
92 47 64 95 13 43 51 41 10 50 80 93 4 85 36 82 42 20 77 3 2 25 41 53 15 73 54 79 78 26 1 22 90 77 86 40 52 41 94 22 51 72 88 18 21 52 13 42 86 28 55 93 16 40 80 41 11 86 54 99 54 11 70 83 2 45 94 47 27 58 95 53 12 57 26 62 42 16 77 26 64 9 22 94 66 5 28 21 55 74 93 14 91 87 79 72 13 22 62 79 
45 69 53 55 21 21 36 98 77 39 21 15 1 84 38 48 86 4 62 47 64 89 11 89 10 48 80 90 86 44 3 89 38 98 57 23 79 49 92 90 62 39 93 24 96 7 2 51 78 32 82 87 60 43 20 19 62 96 48 8 25 83 0 52 3 17 15 30 33 87 76 21 95 78 56 81 29 64 15 92 65 39 36 82 82 88 68 48 59 57 41 7 86 39 7 69 63 14 18 19 
11 85 34 71 2 38 68 88 61 5 81 51 36 88 27 80 11 68 70 54 10 66 73 7 98 80 78 32 34 93 16 75 82 53 54 41 38 78 63 83 91 48 8 31 6 55 49 68 5 31 15 31 14 43 41 3 36 6 6 56 64 74 39 89 29 73 58 23 52 78 70 82 67 75 71 93 51 68 40 11 71 53 27 99 35 92 65 96 53 49 19 45 94 25 8 63 12 20 36 32 
55 29 33 6 18 36 52 20 43 40 33 9 57 46 98 71 97 60 85 29 79 41 49 96 27 98 63 66 36 5 86 77 19 9 83 86 43 10 1 21 51 57 76 40 24 86 60 47 21 49 57 51 60 11 32 65 60 57 64 48 84 38 70 85 77 41 74 92 94 77 71 96 34 64 5 91 11 50 44 54 54 10 28 85 48 21 71 95 83 18 55 65 16 26 25 13 23 66 8 65 
95 49 50 0 48 49 75 16 35 8 56 40 73 40 27 64 41 0 75 19 54 82 67 76 72 9 86 73 15 38 46 59 19 70 33 46 46 53 63 84 90 2 98 83 13 17 74 24 85 9 88 32 85 23 21 86 5 59 31 32 37 62 64 66 49 48 14 73 39 94 30 98 18 70 15 76 6 70 73 12 36 70 90 15 18 75 89 3 42 16 66 50 36 26 94 50 46 95 27 41 
67 10 90 7 2 18 18 10 80 47 48 12 56 13 33 76 27 80 95 78 92 48 76 12 52 98 51 17 81 15 73 4 67 87 11 98 39 80 89 95 56 73 74 54 95 25 68 46 44 32 83 35 70 59 41 58 53 99 41 50 6 84 24 4 34 27 83 32 36 26 14 3 17 90 84 35 9 29 89 78 95 74 84 40 76 18 17 19 4 59 86 35 49 74 88 73 28 45 12 76 
45 91 82 27 75 91 94 66 28 15 18 51 38 29 84 30 82 91 59 20 96 96 31 1 51 22 76 36 2 8 59 43 31 7 49 83 67 17 8 61 2 70 88 2 56 39 85 88 77 11 61 36 17 8 4 83 63 98 38 8 35 30 72 81 69 42 11 14 96 23 82 8 86 46 30 90 26 59 11 63 56 11 85 40 80 77 56 89 81 71 24 95 71 10 51 13 79 92 32 85 
90 12 23 72 17 95 50 0 91 61 8 86 31 21 96 60 96 98 89 73 14 10 87 90 15 92 84 3 25 21 79 51 6 10 97 57 42 1 82 71 15 65 3 91 55 71 66 79 1 82 93 89 81 82 18 15 97 4 74 93 52 25 89 93 62 84 18 6 85 48 72 72 98 75 15 86 91 55 30 6 63 59 9 69 78 86 79 14 47 26 50 24 79 32 70 14 5 18 23 71 
82 84 30 55 97 75 45 20 19 3 66 40 75 4 1 86 82 52 32 55 85 82 92 87 7 70 66 43 76 48 32 46 50 26 4 35 63 65 17 53 60 74 84 38 92 9 48 19 80 47 11 93 94 81 32 40 46 31 89 32 45 58 20 28 80 16 16 81 45 98 7 44 80 60 33 47 31 50 88 90 36 30 86 48 86 81 90 15 18 8 54 56 43 12 84 60 76 3 16 88 
18 36 10 34 90 85 65 72 71 15 7 88 62 67 61 89 33 55 69 25 91 91 50 16 95 58 73 88 55 64 98 9 18 28 76 34 79 41 0 72 84 44 14 51 11 49 82 84 4 92 31 82 76 2 66 67 55 60 17 32 76 9 88 83 77 71 71 65 17 48 29 4 38 58 37 87 50 4 59 16 94 94 86 77 61 31 59 58 6 98 40 57 79 16 50 79 56 75 20 51 
79 30 13 8 30 95 24 79 56 24 10 34 27 51 99 39 18 64 60 60 89 64 16 31 81 23 86 52 74 70 95 59 26 39 49 51 51 72 6 48 20 66 85 37 88 97 22 39 55 23 0 2 78 39 72 65 41 40 67 52 83 98 60 65 56 95 71 58 86 93 41 94 6 20 41 18 24 18 58 90 1 58 14 72 72 13 55 8 67 38 96 48 91 21 94 50 19 50 47 44 
13 7 99 52 62 7 33 28 43 45 0 75 24 56 75 77 31 28 30 19 44 57 86 2 7 10 98 2 7 20 87 14 78 80 41 34 45 83 59 8 50 29 25 55 2 65 23 53 12 74 53 31 35 32 17 34 31 57 60 20 19 58 65 63 49 62 15 62 54 69 49 90 39 68 63 62 29 1 2 25 66 93 95 47 44 1 37 87 21 1 88 37 39 74 26 80 24 16 52 57 
37 83 72 93 73 9 30 71 8 80 28 9 37 3 18 16 59 99 97 62 39 64 42 0 91 86 22 9 29 21 6 90 87 43 96 97 5 48 0 95 88 14 84 8 34 78 32 58 45 26 91 51 32 17 1 94 48 72 5 49 19 7 15 66 71 99 65 8 49 29 59 57 27 15 91 23 23 37 70 0 41 50 73 33 49 12 99 43 56 46 95 61 43 49 72 68 69 1 55 83 
84 80 85 86 32 31 73 38 3 48 52 79 68 4 40 16 96 18 54 46 78 83 19 92 12 11 57 18 42 64 77 9 15 45 8 85 48 70 90 32 31 63 82 34 56 82 91 29 12 17 75 12 83 94 70 83 30 97 33 44 61 67 84 92 72 49 77 63 41 8 38 5 25 14 20 50 52 17 60 60 90 78 86 52 57 89 17 65 65 35 86 83 38 92 28 32 21 98 59 39 
46 22 16 86 68 85 9 18 37 70 53 84 92 81 98 55 91 43 89 59 46 65 22 47 1 50 65 86 50 49 80 38 47 18 29 23 69 72 14 67 49 3 44 6 69 59 81 84 62 60 29 76 28 7 30 19 23 17 55 34 42 43 46 92 9 70 81 23 30 55 55 37 63 9 43 50 5 90 49 8 85 48 8 53 64 33 22 92 19 37 93 79 77 30 54 72 35 48 16 51 
86 98 68 39 67 81 31 31 9 72 43 34 88 11 37 14 97 31 30 97 18 86 12 50 95 84 84 95 45 58 46 94 94 14 77 93 62 78 59 57 20 79 87 83 79 21 65 78 3 38 69 7 23 4 48 66 65 55 72 44 0 2 19 33 44 25 25 25 59 55 81 93 2 41 92 11 11 78 40 86 18 36 45 38 86 32 5 4 17 13 37 84 43 50 54 36 51 44 77 36 
14 2 19 59 84 0 24 49 47 19 50 69 39 27 48 9 35 8 59 27 78 73 57 83 58 69 72 98 59 96 17 1 95 10 34 34 53 46 65 70 28 78 50 48 57 93 19 48 79 69 53 64 97 66 90 16 77 27 65 68 77 87 81 1 15 63 22 87 29 54 20 21 72 52 70 70 92 0 58 93 1 88 37 59 92 78 17 99 41 88 93 21 36 7 25 27 65 49 83 77 
88 12 13 87 13 10 68 72 61 94 44 17 65 31 61 19 38 4 6 57 38 52 55 89 0 95 24 73 14 52 84 57 39 60 88 63 59 46 13 82 3 41 51 7 12 68 46 40 72 88 76 54 98 47 53 30 25 38 44 11 41 24 35 34 49 50 8 18 96 26 73 51 26 16 97 16 61 65 48 8 93 62 69 29 99 69 21 22 96 38 31 87 38 81 42 5 15 18 23 60 
90 77 19 19 26 15 27 79 76 88 30 32 93 66 43 27 60 82 68 69 61 82 54 50 41 39 50 62 60 52 3 72 21 94 97 88 32 81 69 34 66 3 54 83 64 96 43 35 81 78 70 32 26 38 37 27 67 78 75 48 4 16 69 42 39 3 13 79 67 40 70 93 18 40 54 51 87 60 5 46 7 18 75 99 61 54 87 83 7 46 68 36 27 62 64 72 14 31 20 7 
80 31 36 9 32 94 31 16 73 15 12 96 93 24 30 9 65 30 66 93 98 56 51 85 6 55 54 27 89 34 66 10 50 14 85 10 49 29 61 55 31 67 38 24 7 89 24 30 95 14 56 71 90 50 82 80 76 41 49 58 21 36 6 16 49 26 58 31 91 37 51 96 91 5 73 46 26 38 45 52 73 2 90 5 77 6 54 32 37 17 23 15 9 61 34 10 77 89 51 45 
93 46 15 26 19 2 98 19 73 21 53 56 13 74 56 56 31 34 99 38 82 64 26 90 1 29 40 36 67 72 12 3 96 48 35 26 71 8 77 7 84 64 76 81 27 59 61 96 66 8 16 58 98 9 2 84 53 28 89 61 74 95 72 62 58 99 28 27 65 61 94 13 4 18 13 89 18 99 35 0 48 3 11 35 1 27 13 41 34 42 17 42 18 27 89 18 78 23 86 26 
15 12 89 82 92 34 66 32 54 20 56 85 80 90 22 77 36 12 74 72 23 59 24 94 12 50 33 74 36 77 97 70 96 92 49 66 16 98 73 55 27 64 57 10 15 75 26 46 42 71 16 33 44 28 18 22 99 66 65 10 57 79 24 36 13 55 55 92 57 61 43 90 62 57 26 72 80 29 3 91 51 95 96 90 70 31 42 57 47 21 33 12 72 86 32 52 93 28 3 24 
6 3 52 64 42 1 34 46 51 20 37 27 28 90 86 45 80 17 41 84 89 13 0 37 97 83 90 9 32 27 45 71 35 40 47 58 79 22 11 9 80 52 11 52 27 11 13 6 67 3 99 15 84 57 56 56 89 52 31 52 83 48 49 81 56 20 50 11 13 55 99 85 96 25 51 90 35 62 59 62 65 31 36 17 52 44 71 38 51 47 34 16 60 35 38 41 98 87 43 88 
81 87 99 65 42 39 79 90 97 95 22 36 28 83 4 82 78 56 38 2 63 15 74 98 10 84 57 48 64 53 87 40 79 20 63 86 39 58 92 92 87 78 55 29 47 2 98 27 5 84 69 2 86 71 62 45 2 35 34 5 39 62 6 48 29 5 63 23 82 82 90 91 8 32 66 13 27 32 11 92 37 4 95 66 87 97 19 70 70 48 53 21 13 91 31 12 53 42 23 93 
15 40 4 7 24 19 79 3 51 80 75 73 74 72 70 31 50 4 29 68 9 32 82 16 28 14 96 91 98 47 90 51 58 94 76 54 28 88 74 52 47 24 26 56 13 64 96 77 36 72 16 96 43 41 44 13 68 72 3 70 73 84 93 30 12 6 44 97 39 39 50 23 88 35 68 24 77 68 34 51 79 45 4 38 21 48 81 45 59 6 57 20 48 33 52 2 20 2 21 63 
6 85 24 85 24 85 40 43 83 56 92 82 34 31 24 93 22 42 55 51 75 86 70 74 21 91 3 10 70 76 87 34 71 20 36 82 86 14 88 6 9 81 70 33 90 42 10 26 22 57 47 43 36 50 18 19 56 68 6 74 63 50 26 18 8 90 10 29 79 58 58 64 65 77 83 45 57 82 60 20 22 47 24 79 36 69 16 36 4 25 0 55 10 18 57 44 80 54 58 86 
57 54 35 57 19 65 37 98 50 59 15 20 85 15 44 17 49 10 86 93 81 39 54 21 67 67 73 36 16 55 43 82 47 36 70 19 2 46 54 47 65 45 82 57 35 40 77 25 63 75 46 49 67 32 48 12 34 20 30 37 39 83 19 25 25 37 89 4 70 66 79 52 75 81 7 24 61 92 88 16 40 99 89 24 35 14 86 10 60 63 28 84 65 81 20 94 80 25 82 56 
79 59 40 51 99 65 72 69 42 18 21 38 22 46 43 91 16 7 60 38 1 51 99 36 39 69 39 42 39 65 15 48 9 72 20 17 34 71 58 27 22 14 12 46 96 80 71 50 42 17 9 26 91 0 11 78 36 87 83 65 14 87 18 39 37 68 57 37 86 29 57 31 69 60 81 8 95 33 43 56 33 63 99 10 12 30 3 18 88 55 86 94 58 89 59 82 35 25 5 32 
9 77 89 0 20 84 99 94 93 33 61 22 78 48 76 36 55 89 52 87 27 41 62 41 2 98 48 17 33 6 73 37 66 45 17 43 98 98 27 49 81 76 98 88 88 94 45 21 56 94 2 73 10 65 48 87 90 41 23 11 93 51 57 54 34 67 3 95 60 94 45 28 88 22 66 45 40 32 26 91 32 59 1 57 24 95 68 24 79 48 98 21 70 88 72 63 0 38 81 49 
88 80 53 57 60 64 44 45 33 14 94 46 6 29 36 11 14 79 62 47 68 42 19 94 49 25 88 17 28 54 88 52 29 49 3 36 52 60 82 33 67 36 47 94 51 84 93 26 90 17 62 29 33 47 39 67 73 82 91 80 95 79 96 45 20 71 98 74 64 99 66 9 34 50 63 14 81 37 98 23 90 90 47 13 30 23 77 68 82 35 22 15 56 4 49 92 63 3 68 55 
9 42 85 60 55 17 11 94 58 62 44 9 78 60 54 88 96 22 27 84 44 4 77 67 11 59 90 12 53 50 55 66 10 7 99 3 45 15 79 99 86 37 95 85 12 41 39 77 42 68 47 91 24 25 4 51 36 68 36 18 82 30 24 4 67 16 36 10 13 41 74 29 83 37 87 7 50 91 42 17 25 81 2 23 9 19 34 56 88 53 75 77 35 49 95 40 61 56 27 7 
65 39 90 27 43 33 87 22 40 24 91 48 80 13 60 1 87 20 25 14 2 7 59 18 91 22 3 87 15 78 78 17 99 66 73 46 73 67 4 3 92 31 1 17 87 48 89 12 39 46 79 60 54 50 80 88 26 48 41 60 33 68 23 14 47 32 92 9 90 78 15 9 12 51 73 13 70 7 28 57 72 27 93 74 69 39 1 96 8 13 22 56 27 9 71 67 59 95 31 49 
57 34 97 29 35 78 27 67 34 36 91 35 22 81 79 10 50 92 20 74 38 80 72 39 90 49 1 35 25 57 65 37 14 7 69 38 22 15 71 16 58 84 20 64 22 70 36 57 42 94 35 9 39 29 43 16 25 4 27 31 53 12 20 54 82 64 50 37 96 86 65 3 2 68 32 56 99 76 86 18 35 66 87 14 68 24 73 36 49 54 99 62 17 95 74 88 87 40 59 17 
9 27 57 13 71 31 79 12 5 26 31 66 67 90 48 92 72 9 84 86 85 43 39 93 87 26 60 98 76 68 25 27 73 90 10 38 12 20 84 24 57 64 32 16 18 16 29 36 27 44 22 31 73 19 1 75 26 73 98 21 98 13 44 39 97 11 13 45 53 45 73 7 66 17 1 90 46 91 43 33 5 41 13 70 61 90 82 21 59 19 92 64 19 7 44 48 84 74 6 7 
31 85 72 2 36 27 69 84 57 63 75 88 75 56 74 84 78 1 77 67 37 34 2 12 50 46 97 11 63 80 13 3 65 11 82 72 35 53 90 67 30 11 75 36 64 97 40 88 95 26 20 36 8 65 3 20 75 27 38 3 61 75 81 90 47 37 35 6 92 99 34 19 62 49 35 67 61 57 69 7 28 38 45 80 48 45 96 53 31 8 76 25 30 24 8 95 17 66 3 16 
62 58 58 55 20 52 49 58 16 70 35 9 42 78 93 73 62 84 65 51 57 87 23 72 86 76 80 55 60 70 61 1 30 64 74 68 56 96 76 15 43 94 99 97 8 84 40 45 81 47 14 57 45 86 91 25 38 57 34 45 71 89 18 57 74 6 14 57 98 25 51 34 50 63 77 88 10 62 98 84 66 46 67 23 28 99 32 23 93 13 98 82 91 27 23 1 72 52 93 95 
51 80 7 98 3 31 5 65 13 79 14 3 3 6 67 46 49 48 33 68 47 70 79 26 70 53 25 73 56 23 17 30 66 99 52 20 68 32 34 93 56 38 9 37 10 37 79 58 0 91 84 9 28 38 79 40 43 33 79 72 24 49 40 81 4 55 25 96 69 16 42 71 91 9 4 15 99 32 87 67 14 15 11 28 29 8 12 97 11 36 40 19 2 16 75 44 39 20 40 85 
24 50 55 44 51 23 89 53 40 96 59 87 69 40 43 93 30 20 51 76 0 63 67 94 10 86 18 89 57 31 75 35 83 14 86 28 11 80 92 26 35 88 19 9 92 54 47 31 77 29 52 98 69 44 57 0 94 9 16 89 54 22 51 19 21 40 71 46 55 12 47 67 48 43 10 63 16 9 93 27 76 9 59 22 98 77 10 65 32 80 75 99 36 63 88 97 11 72 61 31 
83 47 84 63 65 19 94 17 23 21 19 21 30 79 3 85 40 24 94 74 64 78 49 4 25 52 42 92 48 74 30 86 72 17 77 63 76 15 21 52 36 74 2 12 36 75 66 63 58 83 81 35 84 97 15 7 17 91 41 45 28 54 72 24 9 14 64 70 24 87 92 84 28 16 18 88 48 50 18 3 32 12 46 47 22 48 33 78 54 11 48 91 39 8 0 32 27 2 21 45 
18 67 31 40 77 63 51 62 57 2 48 29 14 41 2 67 33 55 86 29 58 39 96 55 98 8 46 3 36 38 98 40 29 71 77 53 77 28 53 74 72 84 31 38 41 93 97 74 2 26 44 81 92 77 89 21 84 14 62 5 58 80 10 98 85 67 28 63 0 21 75 47 71 92 33 70 89 60 15 9 71 85 25 62 1 16 35 28 33 99 87 13 29 21 8 52 14 67 62 17 
60 23 46 70 25 43 32 69 12 98 44 31 51 4 74 71 72 52 6 4 50 49 14 75 91 82 49 25 69 3 16 35 19 43 90 83 30 31 34 85 80 31 7 94 71 3 83 85 5 77 17 38 62 6 87 80 70 53 61 98 65 87 10 50 81 23 7 53 15 38 57 49 4 47 34 39 65 23 0 19 44 83 17 42 93 20 6 28 66 20 3 10 47 47 51 62 96 5 97 36 
99 54 77 91 77 66 87 68 88 78 92 30 78 62 91 51 96 61 55 86 57 38 9 90 85 60 69 14 94 64 95 13 66 93 24 87 29 72 99 73 92 73 81 14 42 2 60 58 50 47 38 35 37 58 81 90 45 52 74 91 47 3 11 56 61 45 9 19 46 53 42 65 26 25 5 10 81 96 83 47 63 44 78 91 74 98 88 21 23 65 67 84 37 64 19 60 55 52 3 8 
16 26 19 53 97 64 25 94 17 94 23 57 72 71 56 49 46 9 42 83 73 21 4 26 30 82 32 78 48 73 23 53 9 73 43 32 41 76 21 88 20 17 75 20 76 56 0 73 15 39 51 1 81 62 20 20 65 93 33 85 36 44 13 19 39 76 27 55 59 88 60 81 70 86 8 25 99 47 94 72 16 36 31 59 91 42 45 83 63 1 44 18 76 89 65 57 34 81 85 66 
74 47 60 44 57 51 94 84 29 40 42 94 66 48 65 61 77 99 57 99 51 6 83 64 87 12 26 13 28 70 69 68 42 83 27 82 83 30 5 0 15 47 67 26 87 19 74 69 9 20 89 31 5 40 79 8 46 97 29 47 7 21 37 50 80 7 22 10 32 6 20 34 68 96 46 65 22 29 82 74 14 5 25 80 45 35 60 22 64 80 26 92 95 12 12 31 62 11 21 18 
58 90 85 69 61 95 75 46 16 54 17 50 53 6 5 89 4 92 90 1 73 45 25 24 30 18 89 48 63 71 23 66 3 68 82 50 57 4 70 14 67 39 7 1 77 91 21 39 57 37 37 34 73 60 86 86 98 50 1 0 48 43 82 59 78 83 32 73 20 63 67 21 10 90 51 20 66 40 84 89 56 35 40 96 89 6 85 35 90 82 48 8 47 3 0 9 80 47 59 61 
38 97 53 22 97 48 87 23 64 85 91 68 38 79 40 24 8 13 89 66 83 53 1 83 15 7 70 31 12 72 54 62 96 8 6 85 25 54 21 49 76 74 62 84 42 63 82 9 78 95 83 80 24 71 70 62 36 23 36 18 22 66 47 13 41 54 20 48 97 78 94 63 97 67 33 12 60 81 11 36 76 14 39 57 9 72 29 37 59 7 62 37 6 73 36 42 45 1 44 92 
33 26 53 21 24 13 28 40 57 55 46 9 73 48 49 76 14 29 59 91 55 96 31 93 37 33 58 37 77 39 77 72 30 1 80 2 43 34 26 29 44 79 42 27 33 23 57 65 56 8 80 33 29 72 49 66 98 18 17 36 36 66 77 13 27 70 25 6 4 75 88 11 13 40 18 10 21 17 94 21 98 46 76 26 75 5 38 79 86 37 21 42 10 0 50 54 44 3 45 30 
19 29 66 29 97 26 39 40 24 53 78 16 17 43 2 95 87 41 43 24 71 24 49 13 87 8 89 1 45 67 64 90 26 34 64 64 75 92 97 82 58 70 79 97 63 32 56 83 85 82 24 6 7 84 83 61 16 2 10 6 39 26 10 93 95 48 70 72 71 24 28 99 36 94 22 17 2 79 96 95 15 6 0 33 58 54 73 27 5 82 13 59 77 12 47 40 18 10 27 16 
21 41 67 73 64 60 82 72 10 14 91 27 55 11 73 88 30 0 72 39 92 59 18 57 28 89 10 86 21 71 65 0 38 27 51 80 45 24 93 92 41 67 41 26 76 8 65 64 9 24 71 16 43 96 96 6 99 85 0 44 54 37 66 69 81 67 93 17 40 54 33 92 25 0 85 37 11 25 85 25 27 24 0 71 49 2 44 18 78 64 61 85 32 27 31 7 87 39 35 8 
75 70 75 50 10 7 33 59 87 37 97 74 26 66 53 3 2 38 39 81 97 50 69 2 96 73 52 73 2 60 25 64 1 5 75 91 78 82 63 81 24 6 12 59 92 81 64 37 83 44 14 86 69 72 36 51 81 59 0 68 21 10 17 57 34 9 41 46 35 84 56 82 75 71 4 1 24 29 3 57 71 80 88 69 81 20 45 3 51 85 41 32 13 34 65 81 15 47 69 52 
88 37 64 71 82 88 23 92 99 42 42 34 7 51 36 3 1 19 50 27 66 31 85 12 96 10 27 21 47 0 42 88 62 65 75 71 55 66 46 67 72 12 59 32 21 79 45 40 6 58 41 46 15 29 37 28 61 16 29 52 62 98 61 7 24 56 44 39 26 23 33 67 75 99 64 73 79 69 64 67 55 60 7 41 77 55 49 77 48 26 36 8 21 54 14 68 86 66 1 15 
58 96 0 43 20 63 75 34 5 42 57 81 80 44 47 51 97 42 96 63 74 50 47 77 11 61 45 4 72 15 76 34 43 5 78 84 28 92 42 18 81 65 8 53 62 32 59 37 77 28 72 93 34 94 36 8 48 98 46 59 83 23 2 21 65 87 57 54 34 46 22 50 25 89 56 28 92 74 77 86 55 42 91 88 0 32 41 73 9 88 32 12 34 74 82 55 73 88 75 56 
51 45 38 81 9 16 58 25 38 24 6 75 55 93 18 35 24 67 71 99 1 41 4 20 81 53 90 77 74 46 61 2 33 78 88 85 35 61 59 69 49 29 22 72 67 4 41 71 35 39 6 39 24 80 50 78 29 74 36 14 4 71 59 45 19 31 66 58 5 56 21 28 48 41 69 0 77 46 67 63 72 48 30 4 39 77 78 23 57 23 97 23 64 65 36 77 50 58 9 57 
74 80 96 73 7 72 95 44 61 45 54 96 24 98 62 27 37 88 12 66 93 42 93 12 77 71 14 33 56 9 21 62 99 63 54 88 6 70 83 7 61 68 48 54 86 89 24 0 70 17 36 60 74 49 40 84 99 84 95 86 35 34 74 8 95 52 85 27 6 15 54 86 11 2 50 32 98 53 74 70 82 16 45 97 47 54 94 95 46 18 40 84 38 15 48 56 70 72 99 19 
78 51 32 37 42 85 44 67 16 58 9 77 50 53 96 40 40 67 46 31 27 64 61 50 22 70 54 58 32 33 90 35 71 55 77 3 79 32 2 98 37 68 93 50 41 12 61 97 26 67 94 29 17 30 21 44 25 78 9 52 46 28 11 49 79 5 53 52 73 43 16 10 36 12 93 77 88 61 64 18 52 62 0 88 13 76 10 39 95 51 1 41 75 29 61 81 40 6 91 77 
40 2 97 58 1 52 51 69 81 49 52 20 14 91 32 62 46 42 94 11 26 0 18 47 39 28 98 56 74 35 96 30 20 73 10 43 33 49 37 27 74 38 59 2 85 64 96 95 4 48 2 11 88 71 20 83 59 30 96 6 39 98 41 14 86 68 7 0 7 0 64 10 51 9 67 98 15 20 67 24 71 34 42 32 64 7 70 52 46 21 84 2 77 33 99 30 69 52 92 11 
80 59 80 67 18 91 17 16 35 95 52 9 96 53 14 5 51 17 33 50 72 39 78 93 72 42 85 97 29 35 89 25 82 88 0 74 49 94 65 77 82 94 68 33 50 7 65 3 51 7 77 31 10 70 78 98 54 99 46 64 55 42 41 72 95 10 14 58 76 80 90 37 78 87 31 69 70 81 69 42 50 18 42 69 19 16 71 46 97 39 1 31 30 86 13 84 74 80 76 76 
25 92 90 59 50 7 61 84 86 44 16 73 44 22 36 64 59 92 35 72 20 25 71 25 63 57 21 68 52 88 15 39 22 17 83 52 42 22 13 31 56 10 47 60 72 23 71 73 51 98 60 85 88 63 16 98 28 29 69 9 44 53 59 84 14 33 38 27 39 33 17 25 36 45 26 4 18 26 26 11 74 81 63 37 8 16 28 92 27 56 45 95 6 95 8 70 82 95 47 37 
72 38 99 35 4 96 4 81 14 65 54 52 72 7 8 15 0 48 6 36 87 48 60 89 6 34 29 14 97 7 54 77 17 67 60 56 38 26 83 10 33 10 75 21 49 87 18 20 65 91 52 57 65 88 44 59 25 86 32 91 63 89 54 16 63 50 68 6 9 13 17 80 62 91 13 8 70 49 99 55 41 73 68 96 48 15 43 54 22 35 91 34 40 45 65 61 5 49 94 58 
50 20 51 55 97 46 95 89 30 73 9 33 54 90 95 64 80 47 62 90 34 61 15 31 21 27 89 30 23 59 84 14 20 55 13 42 14 2 19 32 82 16 97 41 68 3 9 83 70 51 89 58 8 49 24 61 25 35 83 44 38 39 12 62 75 10 50 53 2 59 51 28 45 88 27 72 94 2 58 41 89 11 99 27 36 9 65 29 1 54 22 1 49 15 95 18 99 93 0 41 
25 44 60 25 27 78 51 93 20 80 57 80 65 59 54 69 90 22 28 94 87 46 36 41 0 46 85 16 37 28 49 34 25 55 86 32 4 94 76 13 14 62 27 65 26 43 0 98 19 65 71 77 58 60 39 7 83 88 2 55 28 87 38 67 24 51 72 45 77 25 27 16 21 70 56 22 25 60 74 37 50 48 23 17 7 61 69 52 63 29 69 53 41 58 63 13 89 92 64 83 
73 41 16 21 64 62 4 31 77 56 64 80 87 81 12 83 32 91 12 36 87 25 47 19 71 45 36 55 65 70 44 27 16 96 75 61 43 20 67 64 26 24 41 64 15 70 5 30 52 48 77 26 12 64 36 52 10 1 60 18 38 77 97 76 27 92 88 39 7 70 9 16 77 76 35 32 29 93 8 8 83 6 23 30 73 30 0 44 74 92 21 98 78 2 79 59 17 47 27 0 
79 27 65 39 29 73 24 1 1 53 27 18 37 59 36 30 50 76 11 13 48 72 25 98 97 67 14 23 30 28 47 96 27 42 8 78 11 53 77 30 15 21 71 58 19 50 46 79 67 52 41 92 3 3 33 98 18 93 97 45 67 51 29 18 99 69 78 1 77 42 46 16 36 3 88 80 29 99 42 44 61 75 65 16 11 3 93 83 41 1 61 21 58 79 69 34 20 19 55 31 
45 78 39 66 36 2 26 27 29 14 32 58 79 26 32 35 5 34 68 45 82 9 39 74 34 62 83 85 61 76 50 85 62 19 79 93 33 18 36 32 77 82 8 68 49 19 22 93 8 78 80 19 30 3 1 16 44 95 43 19 71 20 85 34 1 0 47 85 93 55 12 23 56 41 17 92 72 68 23 59 8 62 99 78 88 33 87 17 6 22 4 23 41 63 42 43 29 9 11 1 
55 9 8 43 47 47 92 86 99 51 23 93 89 98 54 38 4 81 11 70 63 39 43 94 75 49 82 31 10 45 19 78 75 49 89 68 56 62 22 51 90 14 45 74 96 9 21 54 71 30 83 94 20 86 24 67 57 91 97 11 37 30 47 91 82 37 19 95 22 75 76 95 82 64 86 79 32 9 99 86 23 91 88 63 11 92 27 87 48 31 50 83 92 27 51 89 87 70 65 76 
6 50 49 65 25 13 78 3 98 53 42 7 79 46 46 77 30 27 92 38 87 42 75 74 94 88 10 63 11 44 33 54 2 3 52 46 82 33 21 67 89 81 52 61 64 74 13 57 1 16 2 11 90 33 74 1 16 42 21 10 84 88 65 34 29 67 52 37 90 99 55 51 29 50 54 31 48 51 81 19 6 0 39 70 86 78 20 3 96 3 36 69 52 60 70 40 35 52 98 71 
35 17 51 90 66 30 28 42 82 53 13 66 60 29 93 24 14 47 21 45 65 0 27 85 71 22 64 55 65 88 66 60 12 91 23 8 17 74 2 61 95 24 75 27 68 77 81 53 94 78 25 14 51 45 50 78 39 97 95 83 54 53 44 19 62 59 81 27 21 86 95 61 57 36 1 85 67 94 38 77 87 9 79 91 75 99 16 7 34 8 86 93 38 41 80 40 35 22 78 48 
46 19 77 22 87 97 64 85 86 82 18 22 68 75 69 11 20 36 54 73 15 81 58 69 10 27 1 88 97 16 33 41 57 3 38 31 78 12 71 26 85 24 63 27 89 75 81 35 30 81 84 51 47 67 7 26 25 2 61 3 88 9 4 94 13 56 55 16 72 19 36 33 14 87 98 98 47 79 76 79 78 11 6 22 77 90 93 97 35 8 62 96 27 66 49 19 98 44 24 82 
88 55 5 54 91 17 7 87 85 50 14 86 99 13 12 10 29 34 52 77 16 0 97 88 46 53 98 19 29 13 28 69 54 89 63 60 23 81 22 83 23 88 26 89 53 58 10 78 72 19 84 51 77 82 73 6 53 68 17 54 49 26 5 28 79 23 30 79 15 23 95 86 25 21 46 7 33 36 63 62 52 61 28 58 85 42 56 87 37 5 74 45 94 62 41 16 82 23 66 1 
66 71 69 31 0 81 44 57 22 82 20 39 96 12 61 63 37 16 28 71 97 62 43 32 33 83 13 33 59 88 95 99 36 69 1 67 39 28 29 7 0 48 17 97 37 52 95 58 56 56 26 41 41 34 30 46 89 64 17 82 55 17 80 44 45 77 40 45 39 23 9 20 44 2 10 27 61 97 78 86 30 62 6 54 57 76 49 80 54 97 68 11 89 8 90 26 46 72 15 94 
42 24 63 12 52 28 38 94 23 59 94 20 71 18 76 73 82 86 14 45 76 58 68 37 93 56 61 61 50 76 49 14 74 92 45 96 27 90 67 73 31 19 98 19 56 57 68 71 91 87 10 82 68 35 3 24 75 57 33 22 61 62 45 44 35 16 37 36 58 36 7 45 98 19 15 36 88 57 61 91 73 67 24 83 37 68 18 71 60 71 14 73 48 87 62 37 67 18 64 55 
67 98 95 98 19 5 73 78 31 84 24 22 31 50 82 35 84 13 37 55 79 58 83 1 74 53 13 80 96 24 18 2 1 52 19 59 98 51 36 46 14 48 81 87 9 24 74 14 35 39 44 23 9 42 57 51 28 50 30 69 90 16 95 16 4 30 18 1 20 67 4 64 56 79 72 55 31 77 69 21 53 64 70 32 41 83 88 58 96 44 29 78 59 52 58 58 49 73 54 63 
80 91 12 79 73 51 25 66 66 93 63 80 19 25 5 14 7 37 96 83 60 21 49 49 65 15 45 48 35 75 73 66 82 65 37 27 78 26 87 3 93 93 28 38 83 39 87 72 19 93 9 73 59 48 48 2 39 56 26 29 22 10 44 33 47 92 88 6 74 11 59 55 5 59 71 36 52 36 77 82 2 37 18 5 30 72 36 94 66 93 10 1 67 68 51 29 33 44 42 33 
97 30 97 17 4 40 34 2 30 2 55 1 91 90 25 43 72 95 78 29 1 9 41 26 21 91 34 61 87 57 86 55 8 86 41 26 4 53 63 23 13 32 52 85 30 73 28 74 9 28 89 10 16 16 66 81 28 65 20 42 22 99 3 2 29 5 83 93 65 44 7 43 98 37 58 69 80 36 0 11 98 35 75 53 60 30 3 9 97 96 22 92 72 38 48 66 15 54 71 3 
57 95 54 63 37 83 75 26 8 29 13 25 17 60 59 48 23 63 74 72 95 3 4 38 76 74 50 96 75 21 4 16 62 48 55 75 44 45 96 40 30 34 78 9 81 31 16 88 79 59 0 90 18 54 54 49 23 39 1 32 19 42 3 63 76 17 40 62 33 83 69 30 3 1 9 14 59 56 43 12 44 63 9 8 59 1 76 68 75 97 1 69 82 66 72 84 33 77 67 65 
7 73 89 92 98 77 56 49 85 64 56 94 77 17 32 29 68 76 62 12 10 45 18 27 96 59 39 61 19 4 37 11 35 7 78 31 31 74 4 45 86 25 22 54 50 30 67 11 64 63 55 68 84 45 23 20 18 38 15 79 61 74 50 25 76 89 38 91 94 4 45 59 86 64 35 17 15 43 52 3 84 58 56 37 91 26 25 45 3 0 34 37 0 91 10 50 22 11 94 55 
60 11 70 39 70 86 65 47 33 94 24 48 70 9 49 22 45 81 32 65 31 23 78 69 51 63 24 23 89 77 58 16 44 71 9 88 49 13 77 51 43 89 95 39 17 12 70 36 2 68 96 94 15 73 56 51 78 94 5 68 26 39 62 73 7 60 60 35 63 47 19 10 65 34 9 3 53 12 11 31 92 13 97 72 90 24 56 68 53 88 66 4 4 2 53 99 56 86 92 63 
17 42 59 43 60 63 13 50 67 35 15 34 29 7 22 64 88 6 57 76 97 81 88 72 59 48 5 74 7 89 45 85 38 64 16 11 71 47 29 48 42 90 79 46 37 6 65 58 74 25 93 42 5 41 62 3 56 79 72 53 88 73 59 64 18 31 68 85 14 85 43 26 54 38 87 42 46 29 48 33 99 75 10 2 85 68 75 18 54 45 67 96 8 79 13 93 46 9 73 6 
21 47 80 68 44 49 11 3 74 34 36 90 83 95 49 6 26 31 86 64 5 44 50 40 50 73 20 88 1 45 12 58 69 28 67 81 11 49 3 85 8 72 28 56 71 41 34 72 55 92 60 46 90 22 40 61 78 60 1 84 91 71 53 96 77 96 70 30 19 41 43 19 85 95 94 84 2 85 73 28 17 17 61 56 20 45 39 42 1 41 73 46 56 99 83 21 42 79 23 6 
25 80 58 73 84 19 72 46 12 15 29 75 98 68 61 45 99 88 1 8 2 83 95 25 61 57 8 36 75 41 96 22 12 4 97 60 65 64 39 73 29 31 56 88 32 75 28 90 92 15 3 91 81 85 62 34 65 89 86 22 64 10 63 81 28 96 64 32 96 42 7 89 78 21 52 84 94 65 73 22 94 33 9 94 47 13 69 72 93 55 34 62 73 79 32 12 81 92 47 80 
94 70 56 75 46 17 10 87 73 97 41 66 93 36 30 65 19 30 49 32 23 31 48 53 15 42 21 99 40 40 53 5 50 26 38 99 14 71 70 60 36 65 12 1 5 99 72 89 29 32 74 29 5 6 48 94 45 56 9 85 36 8 12 46 68 91 8 56 88 80 63 8 59 92 6 32 11 10 21 94 53 46 16 4 43 54 73 94 63 14 83 71 30 76 38 84 65 74 91 99 
6 58 70 74 35 70 11 54 82 78 18 15 48 2 83 85 4 64 48 69 46 2 32 44 73 40 32 43 68 21 15 67 36 2 28 47 94 87 83 52 87 53 91 61 45 59 22 27 84 41 53 74 53 46 84 89 81 80 82 14 81 6 76 97 0 93 23 19 51 31 81 38 52 8 88 79 89 77 83 43 7 3 84 6 84 64 99 41 98 25 95 38 89 71 42 9 88 21 32 57 
95 22 6 43 39 63 76 94 3 45 48 32 26 20 29 36 20 78 76 65 29 17 65 54 19 90 48 86 52 68 14 1 96 80 22 92 0 19 9 2 19 53 9 23 19 11 56 77 84 39 84 12 73 49 6 14 43 70 72 65 30 89 19 68 33 26 1 0 45 90 61 42 17 22 56 99 97 75 24 44 44 30 96 28 90 98 51 12 82 47 20 73 0 60 13 46 30 38 14 40 
52 14 57 22 22 76 52 65 61 62 10 66 49 37 18 10 73 19 88 10 63 60 5 67 93 72 85 30 92 37 7 7 25 69 45 99 33 36 92 89 9 35 46 75 89 75 94 84 69 51 21 48 26 79 78 18 6 63 7 25 66 4 90 54 58 21 24 97 30 16 13 90 68 10 80 78 71 92 6 2 26 52 45 7 91 71 25 99 62 56 7 43 76 17 80 61 49 81 48 15 
74 6 51 81 59 15 52 24 72 68 72 99 49 57 37 7 23 72 0 29 77 87 64 99 95 94 97 59 50 12 87 30 64 20 82 33 97 30 81 32 90 15 45 40 41 53 65 75 61 15 65 61 31 76 47 53 38 10 60 76 43 60 34 54 48 76 13 7 90 47 48 35 92 14 18 81 98 42 13 79 26 30 46 99 1 91 41 6 97 76 31 94 6 48 37 10 87 53 94 18 
14 42 13 0 95 71 80 29 44 43 21 97 48 50 7 38 22 84 84 30 13 38 4 18 10 88 91 94 16 66 7 43 66 75 92 4 61 31 30 56 68 88 13 43 74 71 54 35 91 88 36 72 33 35 76 47 24 36 18 43 51 29 73 14 41 55 57 67 28 70 34 19 81 93 68 41 53 22 53 97 98 17 43 21 53 11 83 35 6 32 52 1 52 53 12 54 64 68 59 44 
80 29 30 70 60 54 83 56 87 65 50 61 66 68 71 36 45 6 60 94 51 32 54 51 56 82 19 43 49 55 12 35 11 78 88 80 76 55 10 59 19 26 87 86 76 90 5 90 94 24 53 25 72 8 68 54 14 92 24 18 46 37 6 81 95 59 85 50 25 89 53 95 37 31 76 89 70 9 17 58 95 37 68 56 19 81 58 73 55 59 57 43 59 16 26 94 52 74 0 31 
71 2 4 52 10 6 71 41 55 7 31 89 57 49 22 2 63 17 7 17 14 91 87 33 90 14 39 61 40 29 15 72 67 19 38 21 13 73 59 8 27 7 59 11 95 96 63 40 40 37 53 98 11 61 54 33 5 62 67 11 5 23 80 41 28 85 20 71 38 90 27 43 82 84 32 51 9 46 11 65 83 74 86 71 74 7 66 11 27 79 16 80 62 24 20 65 34 90 66 9 
85 44 36 60 77 0 0 18 71 36 58 2 47 10 15 96 44 66 34 54 9 31 15 75 12 67 91 28 90 44 48 84 67 55 18 95 96 94 69 23 70 60 95 62 88 79 72 78 72 79 72 46 34 65 44 80 62 18 21 72 63 65 86 52 75 11 37 39 81 86 28 87 69 87 19 50 87 92 72 25 54 44 66 24 42 45 3 20 64 40 74 94 49 63 92 76 78 64 28 45 
74 84 20 5 76 14 62 58 19 80 85 88 99 31 1 20 6 51 80 59 50 97 85 21 5 57 61 60 55 62 33 53 42 40 43 10 80 71 60 73 88 57 65 56 58 6 36 17 56 43 14 36 65 53 23 95 50 82 74 81 98 25 58 94 18 58 79 46 80 52 53 67 63 14 89 29 63 71 33 60 55 1 99 28 96 37 64 20 28 92 35 59 43 33 84 92 88 90 33 28 
52 52 80 10 34 63 21 78 23 20 18 84 56 49 13 90 8 39 16 61 83 54 0 17 7 2 90 92 43 68 93 45 17 99 54 87 60 28 72 15 57 55 29 14 77 31 56 15 80 20 95 34 84 84 8 24 81 45 98 66 60 76 3 96 10 16 91 17 54 17 80 61 65 35 32 66 61 36 82 71 32 40 80 14 62 82 57 19 69 72 26 73 49 14 23 18 7 29 75 2 
98 54 67 44 24 24 67 11 16 38 62 65 32 56 29 69 42 96 93 83 88 96 0 66 13 63 36 90 64 29 94 2 95 11 38 31 20 14 80 13 75 58 87 13 25 22 60 57 11 55 85 72 97 62 14 21 52 17 11 65 18 4 71 6 49 44 57 63 88 1 14 29 69 69 70 5 2 96 34 55 85 5 53 13 37 44 65 69 91 58 4 34 12 10 68 22 89 21 4 23 
37 41 84 67 18 89 43 38 63 64 78 74 72 75 4 43 54 84 20 34 85 44 55 66 71 99 15 17 38 63 78 68 57 26 11 98 79 88 90 83 21 48 62 4 81 41 68 37 46 57 17 97 50 21 60 69 29 92 45 47 49 4 1 61 83 80 83 15 95 85 82 82 34 99 16 33 75 64 55 15 52 66 62 98 31 80 98 90 1 39 61 98 68 62 47 8 59 92 23 66 
10 43 77 23 5 33 49 6 82 82 34 67 57 85 32 28 99 96 38 86 76 25 5 72 5 67 41 18 42 80 61 26 25 16 53 99 47 1 33 23 27 57 25 59 56 85 7 44 54 59 68 84 92 66 51 97 64 5 99 77 35 1 95 59 7 67 7 41 18 53 48 75 25 91 0 95 89 2 3 53 60 44 28 25 64 11 80 30 39 70 16 13 82 40 58 22 12 8 23 91 
