62 15 24 68 49 71 33 15 32 50 44 63 96 74 79 97 54 37 11 44 46 34 68 86 40 72 50 16 86 38 35 8 2 3 70 41 57 15 20 89 56 49 85 82 87 62 94 82 99 97 76 53 48 61 22 55 34 21 59 22 23 70 54 84 18 54 88 9 23 30 48 96 39 49 11 56 97 40 38 53 49 33 91 78 91 0 37 21 11 94 56 65 76 40 82 12 19 0 80 53 
62 18 95 79 68 98 31 15 58 80 32 50 67 40 30 95 40 79 87 79 31 93 35 90 36 24 77 69 92 1 55 45 22 66 34 59 84 48 55 15 27 66 77 58 97 77 35 35 58 6 37 70 4 17 26 64 96 82 53 78 6 17 21 76 11 74 16 91 97 79 31 38 23 34 94 1 95 6 52 55 97 8 66 6 52 93 63 12 34 23 43 97 99 9 25 98 66 58 87 12 
37 4 13 17 27 64 94 74 94 86 59 70 9 59 12 6 38 87 48 50 64 69 30 94 65 35 85 24 82 18 5 25 8 1 55 83 13 57 8 50 6 73 45 49 39 51 61 99 7 94 53 17 94 29 24 10 4 84 19 50 88 34 56 15 57 83 47 53 87 59 15 72 17 59 93 56 94 86 54 84 78 6 56 77 23 92 47 97 26 81 16 35 3 38 70 2 12 27 51 2 
13 68 84 61 65 0 65 42 75 21 87 38 87 51 3 84 79 60 12 74 21 80 4 60 75 75 35 13 45 7 96 64 49 94 71 45 93 16 19 83 76 60 40 76 42 21 76 83 54 55 51 6 25 3 43 28 48 39 61 52 72 33 85 95 85 35 52 87 94 95 52 80 23 87 80 55 0 40 25 77 33 11 16 96 48 37 32 4 27 7 6 97 22 44 20 76 5 97 87 31 
34 89 0 25 36 39 29 38 96 64 75 23 62 82 42 57 52 65 41 40 11 40 20 29 3 47 75 79 83 10 55 58 27 50 31 97 93 30 25 62 75 50 81 8 52 98 23 40 37 41 72 11 28 44 33 11 29 80 59 31 61 45 62 56 33 63 84 37 4 30 97 75 59 84 41 2 36 77 69 6 81 80 70 53 3 45 34 69 66 14 20 53 70 61 90 56 18 42 5 41 
5 85 88 92 18 87 17 5 48 50 77 19 14 98 11 92 83 13 94 79 85 53 6 20 75 64 16 95 1 4 72 60 94 61 68 42 64 12 78 6 11 65 63 54 3 43 42 73 48 74 75 54 7 29 4 1 31 41 99 48 3 30 66 74 65 1 55 24 55 77 28 17 82 50 98 92 65 63 80 39 7 63 55 14 95 46 36 20 90 64 21 36 65 99 75 16 38 36 55 79 
93 32 75 41 76 17 40 56 90 2 50 84 59 99 99 86 25 36 60 92 96 85 12 51 0 22 18 14 95 76 26 54 62 92 95 71 1 94 31 39 21 40 70 96 68 52 27 38 81 31 73 21 94 72 61 24 4 45 25 47 82 16 81 6 16 40 35 26 65 57 0 80 67 53 37 20 58 41 11 16 96 96 71 72 51 78 72 96 79 79 86 56 2 96 51 31 97 22 44 47 
33 30 63 88 62 18 78 92 18 62 74 65 13 61 25 65 64 65 41 46 11 95 70 40 56 8 90 64 16 53 78 34 0 90 24 46 73 9 31 3 27 35 98 12 52 87 5 11 59 86 44 31 59 7 9 84 6 92 0 50 2 9 25 42 55 23 70 15 20 35 94 69 94 88 45 19 46 3 17 79 22 70 12 78 32 50 75 36 43 36 6 40 26 2 77 51 84 70 10 27 
64 1 8 0 90 69 0 26 6 3 42 92 5 63 34 56 77 0 75 63 16 81 88 27 4 76 97 35 97 20 8 53 12 45 49 57 79 7 35 10 52 45 60 35 47 62 46 76 26 61 86 25 71 77 42 74 96 71 50 51 38 7 76 74 48 41 29 63 21 80 5 59 53 55 18 48 19 12 40 55 83 1 25 39 51 61 51 90 43 95 72 54 5 85 18 9 69 56 63 64 
73 49 24 64 52 23 42 62 92 4 28 17 37 93 5 13 56 86 21 54 28 56 3 18 64 21 54 23 82 93 4 96 50 91 86 94 73 72 50 30 87 81 41 93 15 3 81 78 19 50 74 87 80 58 83 79 38 66 91 16 71 86 41 52 64 60 76 24 17 89 39 99 98 37 28 56 94 32 76 23 95 38 87 53 37 74 24 58 84 18 58 63 36 70 96 84 20 2 30 67 
31 96 37 37 41 43 29 17 24 13 49 27 40 15 55 83 21 38 5 38 45 60 67 80 18 41 97 31 85 35 4 82 3 80 44 38 26 55 0 33 7 44 65 95 35 60 32 58 60 56 47 93 33 88 54 28 4 67 78 94 55 1 41 30 69 25 27 20 63 13 17 63 15 90 20 87 55 4 48 25 60 26 70 48 53 82 71 35 59 44 69 28 87 87 39 83 78 15 96 23 
83 69 12 8 70 48 86 86 40 25 65 9 11 18 30 25 67 70 57 72 58 0 12 14 0 61 44 16 21 34 57 12 51 27 0 12 38 13 67 37 87 18 21 41 41 62 22 68 6 96 41 88 57 31 77 55 6 10 61 18 67 99 23 11 25 71 18 22 95 44 70 35 22 91 13 94 92 24 76 77 55 20 67 34 88 97 8 12 81 0 9 44 31 20 42 31 23 69 22 62 
63 3 76 41 72 72 88 80 18 3 58 78 0 82 3 3 28 59 87 5 94 50 98 63 73 46 97 77 61 5 88 30 8 49 33 66 50 1 84 86 86 59 37 86 84 43 33 99 68 39 61 41 8 24 90 82 29 57 14 76 46 44 11 63 9 74 57 83 2 34 87 73 5 88 89 75 47 73 64 93 4 30 85 89 84 2 67 46 16 98 79 13 82 32 41 8 55 98 72 51 
67 43 6 40 62 18 53 74 58 29 54 1 53 89 80 36 9 85 95 47 61 43 57 31 33 66 12 83 13 81 66 91 13 52 1 64 89 9 11 70 44 16 81 16 34 2 74 99 63 15 62 76 36 38 76 95 28 95 13 12 63 75 34 47 37 61 20 28 34 53 77 43 29 84 78 98 51 91 27 49 90 53 10 73 58 22 71 96 86 41 20 0 93 0 73 18 30 27 30 53 
50 6 4 27 66 7 28 86 49 11 38 15 63 79 97 80 54 2 12 47 91 86 92 19 8 12 51 61 45 80 85 38 4 92 48 16 2 32 37 57 51 45 76 17 81 18 41 46 64 52 73 88 88 53 79 16 19 59 4 91 92 74 59 20 45 35 65 26 45 94 95 99 29 47 14 30 4 76 72 98 40 11 63 46 79 49 47 15 18 62 71 49 49 7 45 11 92 88 50 30 
64 43 47 67 96 64 89 22 57 47 43 33 11 15 30 74 35 68 17 14 42 67 62 94 20 61 22 62 81 37 36 28 58 42 89 97 75 80 84 86 55 70 61 58 16 0 22 15 17 13 97 47 6 24 91 83 67 66 92 66 60 35 24 7 51 7 73 62 6 43 78 38 78 64 88 87 44 70 59 70 47 40 47 58 66 47 39 92 52 36 37 58 86 35 16 47 99 66 3 10 
1 65 54 81 99 35 34 4 22 57 28 31 44 53 46 68 63 18 26 88 62 66 35 11 62 20 88 18 51 31 66 96 21 62 1 80 21 70 64 7 58 61 90 45 21 4 96 32 44 11 7 64 46 0 40 72 68 37 50 45 82 62 7 17 5 42 75 23 72 37 66 61 8 14 73 84 53 61 47 19 69 8 8 35 15 66 1 66 96 4 48 15 1 3 91 8 34 17 36 53 
44 87 44 45 69 16 9 13 8 44 8 1 11 84 23 10 41 35 13 21 51 68 99 2 2 78 95 78 2 64 16 38 58 86 57 72 16 95 33 52 50 50 3 93 85 46 17 16 57 37 30 72 49 72 23 38 52 64 94 15 15 57 10 39 93 86 83 69 38 48 83 76 40 29 11 48 87 72 58 10 57 76 90 32 80 30 44 12 4 79 7 74 25 69 60 40 26 81 52 30 
33 1 33 90 29 78 33 29 54 1 17 3 99 74 18 16 18 53 54 40 44 0 77 88 90 9 68 12 60 52 85 63 11 16 60 86 65 78 86 5 72 5 4 64 35 36 58 85 78 85 80 25 83 80 65 64 20 47 11 20 27 95 50 45 64 51 80 11 61 23 8 52 4 56 25 53 76 50 6 70 89 66 92 60 29 53 87 14 99 89 0 19 87 90 38 96 86 32 9 5 
52 91 24 89 55 90 97 85 30 84 81 12 21 5 20 0 51 9 11 60 21 70 53 90 29 62 95 43 27 82 34 1 38 44 45 36 79 12 4 37 65 91 21 90 28 40 41 86 12 47 24 96 64 57 20 1 36 21 83 19 74 56 44 87 48 56 5 62 71 20 98 40 14 69 80 93 70 12 26 17 36 82 68 58 44 56 22 11 84 93 51 99 64 12 67 74 37 18 18 39 
39 51 35 15 0 4 71 49 54 25 89 86 11 16 37 87 91 30 19 73 14 16 39 32 40 1 67 31 21 6 89 78 4 70 42 41 43 90 21 93 64 16 76 41 50 64 44 35 83 79 39 26 61 48 35 41 62 79 8 85 12 40 10 68 97 43 16 23 92 13 48 34 64 19 40 85 64 22 56 25 39 35 78 70 17 27 46 55 63 94 94 21 51 91 89 1 26 0 21 89 
90 32 54 23 63 4 1 14 90 2 63 21 24 94 3 63 75 75 6 78 57 34 96 10 73 17 57 80 12 71 61 54 41 26 97 85 12 37 15 18 27 0 68 29 80 20 19 15 53 59 93 21 70 47 91 89 7 18 99 13 54 18 8 62 9 25 83 83 43 52 46 70 67 92 98 26 30 5 66 98 98 35 12 69 6 81 23 10 44 12 16 49 96 35 69 47 91 36 9 90 
96 80 53 73 98 74 34 35 71 13 88 73 83 67 50 49 44 52 8 20 4 0 98 80 59 16 57 94 74 87 90 18 28 16 5 53 41 18 8 14 49 69 65 60 78 7 85 58 12 73 98 24 99 66 53 1 42 20 20 90 43 18 28 22 3 26 38 22 3 16 71 63 51 63 80 98 82 19 75 71 46 22 12 81 74 42 79 85 25 39 10 1 41 85 9 27 95 37 60 57 
93 9 65 27 13 20 19 23 20 19 70 37 31 13 11 44 64 9 22 75 96 61 47 23 8 60 78 68 62 9 11 86 9 83 12 86 12 65 4 93 78 3 4 76 58 52 87 88 33 29 87 92 56 10 22 77 80 68 59 22 3 38 38 64 17 12 93 95 39 84 28 53 39 51 97 83 99 85 4 46 78 48 94 63 84 6 29 39 18 75 36 68 95 12 90 36 5 14 72 87 
26 99 18 42 80 23 59 94 7 18 98 10 50 60 51 53 37 5 66 8 81 34 40 99 92 59 19 69 91 59 33 97 22 97 44 90 39 32 80 54 73 61 4 23 65 11 54 38 18 91 98 41 22 50 29 10 65 0 81 92 25 97 15 70 18 29 4 49 15 68 46 79 73 17 95 93 4 24 82 65 71 84 64 21 51 69 5 74 23 25 0 52 47 98 44 25 14 13 71 96 
36 41 51 29 56 25 84 82 70 74 73 91 24 1 70 21 14 60 97 35 24 87 71 58 91 41 94 23 58 68 85 31 59 73 52 98 52 23 80 7 63 87 77 79 78 56 90 0 79 4 84 44 71 75 92 42 59 58 30 28 43 6 26 81 67 38 20 97 4 82 2 15 80 66 35 98 48 67 73 83 76 32 68 62 40 39 97 91 74 65 4 15 72 11 74 59 72 59 17 4 
93 34 69 35 76 67 42 91 58 80 67 78 67 23 99 56 60 33 23 18 25 90 83 33 94 63 80 72 15 71 21 71 53 83 68 30 3 62 12 47 49 9 24 52 39 39 19 31 30 71 46 94 27 77 61 33 68 74 29 17 30 96 97 28 23 93 60 78 9 67 43 54 0 32 68 65 9 59 50 38 66 39 41 44 56 54 12 16 30 88 49 13 16 69 97 76 91 64 5 19 
99 54 56 47 39 27 54 34 52 7 41 98 61 15 90 19 52 65 65 81 32 17 96 41 62 6 61 57 22 29 71 51 44 39 23 99 71 37 48 31 40 27 87 7 49 49 7 64 48 34 72 41 67 38 70 33 54 75 80 55 59 14 58 59 8 54 4 89 46 38 44 20 41 43 42 68 49 20 81 74 71 69 33 11 74 57 34 16 7 92 0 26 55 16 69 22 16 84 11 74 
91 37 46 87 52 95 44 26 50 40 68 74 45 27 3 84 69 16 93 75 98 53 51 1 8 32 13 73 87 23 43 13 47 8 24 47 92 71 50 96 94 85 59 12 55 78 27 60 17 21 20 13 29 6 18 84 32 20 2 7 6 21 17 11 96 58 21 34 82 11 72 7 96 67 52 23 44 80 65 10 53 78 56 31 98 47 5 56 79 74 16 6 79 36 41 11 69 91 44 41 
33 67 42 22 17 58 77 36 88 99 65 83 65 89 48 16 1 89 3 1 83 16 39 74 80 50 71 62 39 44 42 51 53 76 7 14 27 2 71 70 56 57 63 62 50 60 43 81 25 22 90 14 58 40 90 12 41 21 19 56 56 19 67 72 78 56 41 66 81 71 38 2 43 20 79 80 79 26 28 62 86 91 28 28 24 33 63 40 88 91 48 24 54 85 3 70 37 73 66 63 
4 38 22 31 9 6 88 36 72 86 56 18 28 21 2 18 83 51 12 69 11 87 11 39 5 10 73 66 57 45 91 1 38 73 98 14 39 14 51 7 62 10 87 33 24 86 48 65 81 82 38 4 29 12 12 80 96 59 7 7 90 2 15 15 66 13 83 67 48 92 48 9 56 61 81 84 9 8 22 92 9 9 72 36 19 60 7 68 91 98 63 95 53 58 52 50 20 95 94 93 
80 4 79 33 6 39 70 3 11 26 67 64 36 22 16 50 20 66 8 30 98 57 10 58 85 11 72 53 9 53 84 57 3 62 32 44 12 72 53 77 86 59 13 49 40 36 44 54 68 86 43 67 74 66 16 81 94 72 33 17 48 53 12 10 18 62 46 45 51 24 35 87 87 13 42 26 84 68 97 79 59 20 95 23 82 87 20 40 76 1 41 5 5 30 5 65 52 80 82 85 
42 91 56 5 62 39 55 48 33 32 55 13 18 56 69 77 34 83 64 66 28 42 93 58 53 79 58 53 26 44 52 47 86 66 28 90 49 5 75 70 5 77 98 5 96 27 53 89 82 77 26 84 37 54 36 20 15 34 72 35 91 94 88 60 25 39 95 94 86 59 12 29 91 83 46 91 10 15 91 88 63 31 87 73 88 11 8 46 87 90 51 58 23 22 78 24 17 39 40 94 
4 69 92 96 95 63 18 66 98 53 10 46 53 68 67 70 24 5 27 61 13 7 67 31 30 1 57 82 62 23 52 58 28 15 97 20 34 27 7 79 66 90 60 43 6 80 86 7 85 38 70 68 14 81 64 82 45 53 55 46 70 77 51 73 12 61 29 89 35 53 73 41 14 52 43 93 60 87 99 99 7 35 97 8 25 4 85 66 99 15 82 77 99 27 65 88 6 19 40 98 
34 83 48 85 64 89 80 95 26 45 3 90 51 96 56 64 55 36 16 28 80 76 35 35 85 59 54 74 18 50 40 83 52 59 32 35 42 59 47 47 92 74 62 82 76 77 14 25 95 1 39 3 9 3 65 59 70 27 18 96 55 32 55 21 48 19 60 2 28 40 71 90 31 94 8 64 34 11 25 22 9 87 11 84 65 47 14 26 48 82 24 38 81 59 99 64 62 73 42 27 
0 90 34 39 18 58 13 86 38 48 63 92 45 18 55 86 56 42 68 56 54 75 13 43 92 1 6 67 11 56 20 5 96 87 70 82 50 80 49 52 63 90 53 15 92 83 37 86 86 71 8 40 37 24 57 80 77 88 61 31 26 8 39 20 20 18 32 17 57 77 23 26 13 15 10 74 53 0 83 48 52 66 30 46 20 44 36 72 19 22 71 28 79 97 82 50 30 23 28 13 
25 34 52 27 21 57 0 30 72 55 30 91 14 38 18 79 39 83 29 36 98 93 30 5 90 59 3 97 84 90 86 49 78 61 16 99 10 95 73 50 10 66 50 64 26 53 8 23 79 21 22 11 54 72 16 14 56 94 24 49 33 91 49 75 54 8 3 43 36 88 7 7 34 19 15 2 2 54 91 97 62 38 1 26 56 78 62 84 52 2 71 23 26 10 23 83 67 17 33 87 
48 18 56 84 24 60 68 66 21 38 77 66 30 46 23 36 0 81 52 83 31 15 38 59 33 51 22 6 45 2 97 10 57 8 1 2 9 39 91 7 87 43 60 65 63 22 48 18 44 64 94 54 23 65 89 84 60 30 87 52 26 38 60 21 67 2 73 25 24 71 34 34 1 30 24 71 24 40 8 76 74 27 79 46 6 49 30 55 3 47 46 0 60 69 50 83 46 24 58 20 
17 32 82 10 58 75 39 36 49 9 66 33 37 86 17 51 68 61 27 79 89 51 42 39 74 67 39 17 23 14 26 0 48 38 27 60 79 99 28 83 90 6 27 73 10 73 74 64 40 30 26 61 2 72 9 96 9 39 95 35 53 28 70 16 22 96 24 32 82 40 30 44 8 1 31 38 95 0 35 57 66 17 1 92 58 91 97 8 48 27 25 72 89 71 66 25 90 52 7 29 
13 87 42 61 10 68 86 89 94 64 36 43 34 80 68 21 2 37 47 51 87 67 43 88 41 61 14 94 45 14 6 12 48 45 12 79 48 9 4 85 31 43 68 74 44 77 9 23 37 20 83 76 66 97 59 68 19 3 61 64 26 88 90 0 85 97 76 53 51 62 0 36 61 62 77 45 77 99 47 28 63 34 80 7 38 18 26 84 91 82 49 46 17 15 31 2 58 10 53 8 
94 30 28 78 68 34 57 21 53 1 37 21 41 22 8 9 66 66 96 35 88 96 96 29 46 67 37 54 23 38 85 51 93 44 74 72 28 81 61 45 74 41 72 52 57 76 13 54 91 9 92 78 34 62 83 41 22 17 19 43 66 12 34 88 48 42 63 2 82 45 57 98 86 70 16 89 34 99 68 89 31 80 75 25 49 81 37 85 28 99 59 85 37 12 45 3 68 87 91 75 
96 48 69 3 12 76 1 23 45 85 29 67 20 9 74 11 81 64 44 70 28 50 75 85 11 69 54 54 72 11 53 92 69 96 4 57 57 75 30 75 0 37 8 16 66 62 87 64 7 74 70 79 63 7 88 7 25 97 12 70 25 78 87 72 86 76 96 64 64 55 9 17 66 75 0 71 55 1 50 37 99 25 73 37 52 32 53 70 78 23 61 57 70 16 27 0 37 24 23 67 
61 96 12 80 40 35 22 4 21 56 37 38 55 44 95 75 59 95 0 83 30 91 27 95 95 53 14 75 65 91 90 51 16 82 20 20 13 37 79 36 7 54 22 98 1 7 97 98 61 27 23 49 37 30 55 4 32 86 92 62 79 15 84 43 46 94 12 86 69 81 25 55 2 86 83 42 28 6 62 86 77 24 92 25 48 78 13 43 94 5 8 77 50 43 47 76 74 78 42 46 
24 84 68 24 37 82 2 17 85 49 92 58 39 49 9 95 42 60 52 12 0 35 44 31 74 75 9 21 40 79 64 95 19 76 6 16 24 97 96 60 51 92 41 42 23 64 10 98 91 84 78 88 18 1 54 89 43 59 16 63 93 10 36 18 25 6 53 74 88 55 20 98 98 75 50 40 18 32 77 62 64 39 17 87 61 25 59 42 78 92 70 54 92 13 52 91 6 71 46 19 
59 12 32 20 94 86 47 57 23 9 85 44 56 27 46 96 52 65 87 71 62 84 91 57 9 98 41 13 23 49 73 10 88 24 58 2 4 61 80 48 51 55 17 20 23 38 65 80 91 71 98 47 72 32 21 40 29 39 6 72 31 2 74 48 60 75 31 75 15 21 16 31 89 31 26 61 18 70 58 42 59 1 59 67 42 80 54 48 11 78 17 53 78 73 45 41 81 21 83 32 
15 32 77 38 37 55 0 92 88 45 96 95 79 70 4 83 10 53 4 33 31 54 12 24 9 53 33 36 62 79 50 52 85 80 33 6 75 84 30 97 41 62 37 22 87 97 39 38 36 93 69 50 38 39 36 48 63 52 40 22 95 99 39 44 32 63 13 15 28 42 46 15 14 69 59 52 32 32 5 0 74 58 70 32 95 0 69 78 72 93 20 30 49 98 28 35 60 63 64 16 
27 46 10 78 38 97 91 17 37 58 46 94 10 19 46 19 10 79 27 57 0 16 78 29 7 57 95 46 34 42 84 70 88 50 59 75 37 28 85 56 6 23 77 36 56 99 59 90 67 7 61 86 4 41 9 30 93 58 21 89 13 18 27 8 36 40 29 86 67 25 76 17 87 7 48 98 50 36 19 65 31 20 29 88 67 40 27 18 12 47 94 95 17 82 99 39 38 62 28 78 
45 32 22 58 73 22 81 74 62 49 59 41 77 18 21 80 38 65 98 53 79 2 69 93 31 46 90 10 42 70 32 48 78 77 33 4 71 48 97 23 23 74 99 50 58 34 34 34 56 84 75 66 54 1 4 30 98 38 49 78 9 43 88 11 7 37 38 62 94 94 60 19 90 26 11 35 5 62 0 13 89 49 98 29 42 55 61 47 22 97 71 71 74 28 13 12 31 2 21 6 
36 2 29 66 82 43 19 81 94 35 50 70 69 92 59 28 94 40 5 7 3 49 10 60 85 7 95 47 78 13 82 88 71 81 74 89 47 36 34 44 45 82 94 16 57 29 70 44 2 28 36 99 6 70 4 21 71 23 54 7 36 94 44 33 83 40 29 4 61 74 89 18 27 97 70 52 36 25 30 44 74 27 94 66 18 46 10 40 2 20 86 4 26 18 84 73 98 17 35 18 
61 67 0 46 47 73 91 5 90 58 24 62 95 77 18 45 24 82 72 6 61 42 50 43 59 3 63 47 58 86 0 64 78 44 7 6 61 3 1 92 96 58 92 74 92 50 53 64 70 98 90 90 41 97 47 88 7 23 94 4 47 81 36 94 41 85 34 15 70 46 87 17 57 3 58 97 74 14 80 70 30 98 11 26 84 61 46 54 7 92 48 95 27 8 58 22 68 51 88 68 
85 25 35 79 73 19 66 91 24 73 81 40 8 99 77 98 5 39 84 86 90 84 12 49 40 2 20 51 13 16 2 66 62 30 35 66 5 49 47 51 6 95 44 37 98 35 6 91 32 69 4 84 12 78 25 69 37 30 76 7 84 6 60 48 37 48 80 24 76 84 86 86 96 48 91 18 94 24 11 37 42 24 85 71 62 41 84 64 51 94 15 43 87 59 98 67 87 35 34 86 
34 98 20 39 79 65 16 94 84 60 56 35 50 40 38 27 18 55 1 50 89 57 0 30 92 69 72 74 71 75 61 83 28 14 6 99 54 44 80 2 78 29 88 62 20 86 84 93 27 83 12 18 71 87 97 37 59 38 25 2 90 88 32 96 28 68 55 25 61 83 19 6 90 90 13 69 61 64 43 65 22 73 1 33 30 44 4 83 10 88 87 87 59 58 21 0 37 84 98 22 
57 76 33 53 24 90 17 13 24 8 39 62 37 17 43 98 72 92 95 85 67 22 4 8 2 1 66 93 84 62 82 61 73 89 94 19 10 23 77 57 73 49 31 61 67 95 63 26 23 27 40 78 41 92 49 14 55 1 16 0 95 22 44 28 85 81 77 74 10 32 89 42 53 86 85 61 65 31 9 72 79 10 16 91 9 98 41 0 67 70 83 64 21 32 76 44 82 11 27 35 
79 9 0 48 15 85 99 91 81 70 81 61 19 31 38 76 38 92 58 31 97 88 54 89 42 73 18 75 31 73 29 21 2 62 80 26 91 5 10 31 29 98 95 28 31 83 24 40 92 38 58 14 50 4 51 5 35 11 33 25 8 90 28 34 21 15 83 36 26 78 58 88 13 92 58 83 83 91 56 51 31 84 27 98 40 92 96 61 3 27 3 5 5 54 51 2 47 72 50 16 
6 96 18 58 67 41 64 71 52 77 59 35 76 94 95 2 29 98 86 36 79 86 98 68 87 53 53 46 9 90 9 71 66 19 4 63 22 47 55 50 29 63 93 2 42 80 50 24 89 96 49 60 53 30 71 74 69 43 93 74 41 71 8 20 15 39 30 80 99 32 32 84 14 3 18 92 6 70 70 65 2 64 21 89 15 57 66 90 40 8 72 21 98 0 14 17 43 80 49 12 
19 30 10 44 56 19 1 2 38 9 77 35 30 5 37 40 49 41 74 56 35 4 54 76 0 13 81 26 17 34 17 84 95 27 31 7 42 94 75 83 72 87 57 86 80 94 6 49 97 44 81 90 66 16 43 22 60 63 15 84 49 22 58 15 35 22 49 93 44 79 49 80 4 50 72 41 37 37 36 79 65 5 49 77 93 58 78 64 53 12 77 39 64 30 67 43 9 30 78 93 
74 60 61 61 88 16 11 33 28 69 7 15 88 48 3 16 53 15 5 65 51 10 47 6 29 47 42 0 15 53 11 39 93 84 23 81 42 31 13 2 29 62 71 68 27 12 83 76 93 4 34 78 83 88 56 14 56 26 49 75 44 34 35 76 36 67 17 25 78 46 4 27 25 16 44 71 5 87 81 36 37 35 14 15 76 25 26 62 38 49 29 48 53 5 21 48 52 21 25 64 
2 64 30 60 46 99 49 16 74 8 44 78 58 26 33 75 18 51 27 91 10 70 85 54 21 10 88 78 68 26 69 63 84 75 24 98 66 11 79 18 46 63 6 30 3 52 10 18 58 9 20 16 20 67 31 54 28 9 18 95 52 26 7 42 87 14 38 9 41 84 30 81 98 21 53 57 0 24 7 94 6 59 17 58 93 26 45 99 10 46 37 2 56 2 95 43 68 29 44 68 
66 50 98 70 97 64 90 99 54 20 50 8 69 9 81 49 0 58 13 98 68 14 93 76 41 92 35 37 82 56 66 92 53 38 54 73 8 25 45 3 47 83 72 59 80 19 34 88 89 11 53 83 97 51 92 1 78 5 57 50 73 43 51 37 86 78 68 97 21 20 29 58 42 21 73 33 65 93 10 55 21 97 85 9 53 14 89 36 51 86 99 99 53 22 28 33 2 96 14 15 
58 14 8 91 44 38 56 74 51 23 70 36 98 24 7 25 21 44 23 13 21 69 31 55 91 5 17 87 8 54 69 82 3 53 0 39 71 42 67 55 18 77 90 52 7 4 45 34 44 27 59 38 63 64 98 19 86 88 54 77 60 78 17 15 94 99 10 46 18 5 12 0 83 11 70 6 5 45 33 96 67 33 45 56 61 5 43 42 99 52 31 56 59 58 6 90 73 30 98 27 
26 95 72 92 85 94 57 36 34 23 5 1 88 48 81 58 44 98 84 73 84 19 91 51 48 52 55 2 72 40 39 6 45 84 99 39 93 44 25 54 77 42 66 87 5 6 54 1 19 78 71 48 91 2 31 27 19 83 57 40 49 3 35 84 41 72 13 7 69 95 28 85 94 74 91 22 77 26 10 24 6 45 93 58 64 26 35 95 4 38 5 15 30 13 32 65 22 28 70 50 
75 61 11 21 62 28 94 31 57 3 71 69 70 98 42 55 41 29 39 68 52 7 92 63 98 41 3 28 39 50 61 48 63 76 70 65 64 2 53 61 92 23 86 84 49 39 78 17 60 37 35 37 19 41 21 46 30 79 40 62 24 35 51 6 79 54 20 26 97 2 21 86 58 81 23 94 2 31 33 37 13 53 62 31 71 92 27 46 1 63 51 26 53 52 72 15 1 57 67 55 
67 94 18 99 28 57 1 31 90 38 74 42 58 32 18 54 26 44 81 71 11 81 67 21 79 59 60 29 0 64 97 9 96 80 68 54 96 11 94 98 91 88 70 9 13 76 85 49 39 81 60 86 25 69 37 59 68 54 87 21 9 3 55 87 47 58 99 63 29 23 28 76 92 46 65 45 25 72 0 37 82 19 76 15 65 11 66 19 99 32 28 25 87 49 1 26 29 26 6 58 
76 49 84 85 25 2 99 76 3 20 82 41 68 71 45 69 17 43 8 26 57 85 28 97 58 96 82 74 29 51 90 65 91 2 26 83 35 17 20 54 14 4 9 30 92 51 83 53 65 81 39 43 44 4 35 53 71 19 72 82 79 25 55 67 49 36 73 73 45 83 11 89 58 88 75 75 23 4 77 94 48 58 57 75 3 83 33 59 36 39 53 78 56 11 73 70 58 92 99 29 
88 25 26 78 59 88 62 25 43 75 88 77 70 52 8 69 59 77 46 50 63 30 70 32 79 71 20 71 87 59 62 0 74 97 19 15 38 68 68 35 14 42 76 77 63 28 30 42 11 42 61 40 52 45 83 49 84 32 75 57 95 75 7 41 29 89 83 80 78 72 17 66 40 79 5 27 20 31 9 53 71 34 8 73 98 88 40 48 79 51 87 72 42 26 66 84 53 87 13 77 
88 97 83 90 39 28 75 18 64 24 21 39 63 73 17 51 25 47 40 83 57 86 76 54 45 46 23 67 92 81 43 69 6 17 92 14 5 99 89 32 7 14 60 72 24 12 21 63 53 55 73 18 49 94 62 93 19 57 17 32 4 54 7 8 66 62 94 23 77 27 57 70 98 63 8 35 65 1 55 60 95 30 77 26 67 63 5 41 4 89 38 99 24 58 10 71 96 2 51 8 
8 20 17 30 39 10 99 49 79 57 97 43 94 38 45 83 36 81 33 3 5 60 64 93 1 40 60 94 82 99 52 70 25 14 54 32 33 46 19 77 68 32 85 79 18 93 25 76 23 37 41 47 17 33 92 50 26 54 1 0 46 55 4 45 4 44 79 83 73 13 45 56 14 7 69 86 68 93 48 98 9 81 34 92 68 24 6 41 67 79 49 38 31 96 65 48 30 16 82 52 
17 62 32 97 9 28 95 8 67 85 4 80 16 31 80 18 78 93 41 14 8 95 19 47 10 57 49 31 65 61 17 31 16 65 66 53 55 77 83 14 71 96 27 99 50 5 55 63 64 20 91 27 10 14 0 24 54 57 21 91 20 80 77 67 51 42 77 48 38 33 23 28 28 72 46 2 91 53 34 52 1 33 62 5 40 17 48 24 23 34 1 28 12 3 90 32 29 61 18 13 
50 3 73 1 51 40 73 78 29 22 99 4 30 40 19 87 19 46 91 56 78 71 93 85 75 31 88 91 18 7 29 24 93 1 95 38 11 40 71 23 70 60 32 93 81 33 10 83 70 42 93 24 70 0 89 11 16 92 39 96 82 78 70 95 21 34 19 2 41 96 94 72 61 78 54 19 84 21 71 9 33 49 17 19 47 5 0 97 91 83 14 58 82 23 85 11 93 78 14 50 
36 84 12 37 63 90 53 71 95 26 25 26 60 8 69 58 17 50 59 40 65 62 22 14 69 6 41 71 50 5 83 94 52 92 18 4 47 7 56 29 33 53 81 98 44 57 87 48 53 15 82 80 49 95 39 88 27 44 55 41 75 23 36 33 41 25 88 94 29 37 61 32 74 91 0 96 60 70 80 54 18 97 9 92 63 68 81 95 97 27 67 33 96 0 83 95 16 1 54 78 
37 56 30 73 26 42 63 37 24 49 27 63 72 6 28 33 44 11 64 43 86 37 69 96 21 76 37 65 84 25 31 58 44 4 32 71 94 60 73 72 1 0 78 56 72 35 18 26 67 78 7 29 90 65 37 22 3 19 82 15 14 81 93 50 33 58 75 3 37 12 17 98 97 22 15 32 33 29 76 40 56 95 36 9 74 54 2 74 5 65 38 12 68 38 62 75 33 52 99 36 
51 13 70 82 99 19 63 56 0 78 18 50 12 13 77 94 57 62 17 60 99 47 60 77 8 74 47 93 50 27 15 59 52 65 57 1 36 54 46 76 11 56 48 5 82 56 91 53 91 64 51 26 42 99 78 22 86 27 12 75 38 52 4 88 57 83 62 71 86 97 24 99 68 53 54 92 54 8 45 13 20 48 29 58 97 50 18 86 48 40 40 62 25 29 87 94 73 95 85 15 
32 11 29 94 98 7 47 44 0 89 77 59 53 86 94 84 5 69 81 93 72 8 1 5 17 28 14 73 41 81 10 66 43 92 60 80 94 73 25 29 65 15 57 62 57 30 9 5 20 15 35 64 29 81 49 29 4 47 9 47 24 5 80 95 58 4 90 74 7 87 66 26 40 38 62 91 61 52 25 96 76 51 19 7 52 18 61 29 82 88 2 89 82 75 52 47 1 8 91 44 
81 0 75 52 98 38 36 34 56 4 43 74 16 39 43 21 0 95 33 14 57 46 55 38 71 51 74 9 36 98 7 17 61 14 39 34 17 31 63 70 62 18 55 63 61 6 49 95 97 4 44 96 87 20 69 48 40 9 46 42 76 99 86 81 82 80 36 5 91 30 91 4 59 78 69 58 78 75 54 44 91 85 0 26 35 40 12 3 36 6 20 45 8 3 75 9 72 62 24 4 
92 13 11 27 56 17 12 32 11 72 10 5 95 98 87 0 78 33 92 44 64 16 99 95 0 3 95 37 27 8 21 80 34 25 80 28 24 13 70 64 17 56 37 74 16 79 78 52 3 95 17 67 90 60 13 40 29 85 3 20 32 15 25 52 11 11 59 46 27 99 77 71 62 47 58 2 55 84 37 23 78 18 66 59 44 43 36 35 54 75 56 7 38 97 92 53 31 45 77 50 
58 20 86 49 93 33 2 33 7 49 76 64 79 26 57 65 86 51 69 13 7 91 85 1 85 79 64 83 72 37 37 28 40 2 41 29 99 2 34 0 96 63 30 29 63 79 40 20 30 22 95 41 37 87 53 99 14 73 99 85 68 26 42 95 53 91 2 19 18 75 83 95 42 56 53 50 97 33 36 85 26 71 88 0 99 50 31 89 24 40 79 12 55 51 31 87 78 78 16 36 
93 34 24 65 58 50 83 64 94 9 72 75 81 65 70 41 29 96 88 10 43 86 38 19 51 86 81 38 18 2 20 68 84 96 28 83 19 7 17 83 8 29 42 31 0 22 19 89 44 40 68 66 92 69 93 7 86 66 72 61 73 25 66 10 28 14 38 45 97 77 99 26 9 14 44 53 78 5 33 12 30 68 47 83 90 95 19 80 35 95 20 3 8 50 94 67 72 34 67 37 
21 58 28 86 45 49 79 92 75 62 60 17 98 27 72 6 49 86 10 53 15 9 44 29 9 65 0 51 8 37 31 38 18 96 26 62 38 84 51 65 80 89 6 85 57 97 97 10 42 13 76 78 57 40 1 34 31 42 27 77 41 36 82 46 76 86 63 63 58 5 68 39 7 30 61 3 69 90 40 24 72 96 18 84 37 56 16 28 19 65 13 5 18 78 8 58 43 72 0 68 
21 27 5 75 35 81 67 36 37 19 26 71 67 3 88 7 39 89 83 88 47 38 40 68 35 38 36 85 32 81 81 2 49 97 12 92 33 82 86 51 45 58 47 25 52 17 58 86 64 4 34 41 18 77 17 74 29 30 59 36 14 87 5 93 48 65 3 63 3 61 2 93 22 20 67 90 81 8 52 74 19 63 39 7 28 51 68 2 15 25 77 74 22 17 58 44 33 42 99 55 
72 91 85 46 3 46 85 60 1 23 49 26 92 95 68 0 38 70 72 73 57 67 58 88 83 12 10 99 65 40 56 57 96 62 90 69 9 42 6 48 21 27 14 7 84 97 63 17 67 3 31 82 59 96 6 89 57 22 86 44 47 3 34 17 60 79 24 26 98 81 34 64 79 66 31 89 70 59 66 21 64 63 59 66 6 84 60 46 24 24 30 0 95 75 28 38 43 31 84 58 
12 4 45 4 38 69 4 83 6 11 94 94 71 8 65 68 61 3 34 19 1 34 74 38 37 96 3 49 53 52 50 45 3 14 19 24 94 16 25 10 93 7 62 40 26 88 37 5 97 21 6 23 27 24 1 28 14 42 63 33 91 64 26 74 65 78 72 35 0 32 37 61 74 73 92 60 65 25 22 1 65 78 61 3 70 47 17 18 41 53 12 3 20 33 31 6 8 70 19 41 
7 27 37 4 73 32 38 74 10 33 18 55 97 6 51 86 95 65 8 61 15 34 58 90 32 9 7 9 15 21 17 35 91 27 41 49 91 72 97 93 87 99 75 4 65 74 99 97 93 32 87 21 74 23 80 87 48 27 48 94 87 31 58 69 61 38 21 42 75 12 29 22 79 31 30 63 26 12 67 47 52 78 50 65 4 89 92 6 47 67 67 77 95 67 70 82 48 50 33 7 
13 74 70 84 99 21 7 53 7 90 49 41 85 17 80 70 37 5 12 86 73 25 32 47 95 27 48 7 16 33 84 41 41 77 51 0 86 36 18 65 52 34 78 7 71 12 47 19 11 33 61 24 30 81 30 4 51 74 98 35 54 45 72 80 76 69 50 10 40 66 90 36 82 10 89 28 10 42 37 69 12 79 95 39 83 31 35 19 8 73 18 11 49 85 47 3 73 2 5 77 
93 14 9 74 96 12 56 13 39 1 63 19 8 5 9 76 27 51 37 37 17 82 85 6 45 9 42 26 69 57 29 25 34 33 77 30 70 70 54 93 49 32 85 42 37 45 33 66 83 1 85 45 47 62 75 81 51 81 13 11 46 16 38 67 18 21 83 25 61 75 26 61 96 27 86 82 21 62 1 38 34 57 11 36 41 41 35 56 37 53 3 88 31 92 83 75 58 27 2 90 
32 18 21 96 64 62 0 26 91 52 14 39 24 75 34 46 87 76 15 70 2 57 73 33 93 98 86 40 60 19 32 98 63 61 59 35 98 25 49 2 92 11 80 10 93 64 28 82 53 25 33 60 67 41 72 59 82 76 37 83 98 78 87 92 10 59 91 41 5 88 6 44 11 31 42 79 10 10 15 24 84 77 46 81 58 1 66 21 25 39 97 11 4 66 37 93 74 0 11 99 
18 76 35 61 48 8 78 69 70 19 8 66 3 89 14 14 86 17 75 48 26 96 98 25 0 29 36 92 34 72 77 53 67 55 16 68 79 98 70 57 29 77 7 1 78 48 65 98 31 17 77 44 38 54 39 49 12 93 24 58 47 32 54 2 10 46 80 23 29 61 71 78 40 54 96 4 22 5 30 62 62 78 31 16 20 20 58 94 88 4 99 99 47 62 10 71 99 17 85 86 
97 85 37 93 18 32 79 81 25 82 47 57 14 58 16 17 12 68 61 1 70 21 39 62 49 15 81 7 81 53 69 66 96 26 92 17 35 81 79 20 26 94 50 96 47 67 65 38 66 37 25 97 0 83 14 4 10 43 7 51 64 52 25 39 48 41 63 59 95 16 9 14 34 93 84 79 50 95 34 44 11 95 98 2 77 48 10 52 0 27 63 30 52 96 1 56 24 12 83 15 
63 1 33 62 11 26 93 29 74 48 26 75 54 46 60 26 30 91 68 79 34 17 62 33 9 16 28 46 33 96 52 76 67 16 67 6 60 11 56 31 99 48 71 42 80 94 30 3 14 64 47 60 36 27 88 36 96 91 28 40 37 42 74 19 57 25 14 91 62 59 27 88 30 33 11 1 88 3 34 57 17 39 29 16 79 35 93 74 1 51 71 15 35 1 25 15 51 40 0 7 
76 51 56 65 38 22 15 45 50 9 94 69 16 68 12 71 78 23 64 71 70 39 50 82 43 88 13 57 92 53 31 18 42 97 36 82 83 51 67 10 54 76 75 47 53 19 85 24 57 65 95 13 49 15 45 98 53 53 53 96 52 8 72 92 40 74 27 18 58 4 39 71 33 68 5 86 30 44 84 47 24 7 80 69 77 55 19 95 70 43 94 41 32 97 39 40 99 26 24 73 
49 81 91 13 94 17 55 7 79 43 5 57 28 56 84 74 55 83 26 72 42 2 56 91 91 60 68 78 58 62 97 40 71 30 98 23 26 84 63 85 91 97 92 74 65 56 75 78 42 39 36 41 27 77 63 36 22 22 46 31 65 20 44 71 65 51 93 66 59 31 35 25 86 4 76 26 5 11 25 29 30 79 74 87 31 78 39 21 71 21 18 35 53 41 74 69 37 88 96 50 
39 84 16 18 80 10 10 15 34 61 73 28 35 7 52 70 37 16 15 52 88 11 45 25 57 98 95 3 82 5 75 50 22 69 22 13 50 77 66 20 79 78 65 35 38 43 66 54 6 99 57 57 13 94 72 50 65 62 55 24 96 15 22 86 6 12 0 17 31 51 36 23 16 66 47 1 46 60 67 78 76 68 31 87 12 92 38 29 38 68 65 13 68 76 80 88 37 68 40 96 
59 58 64 81 30 93 36 67 95 4 93 90 33 29 77 87 19 3 30 59 51 86 47 6 45 65 14 85 38 28 64 35 27 40 81 93 16 95 51 96 82 45 66 11 73 87 37 21 22 81 87 39 24 83 55 62 7 7 40 56 42 14 33 80 89 56 4 31 51 73 50 45 98 33 31 37 99 82 90 48 43 21 38 82 86 27 46 33 59 8 62 47 64 45 75 35 32 77 6 9 
53 25 59 25 63 98 84 35 99 83 83 48 28 75 31 36 79 82 16 61 36 26 68 82 60 9 58 59 65 29 8 12 20 85 75 9 26 22 40 81 1 24 65 94 88 71 98 24 58 79 28 43 98 32 69 90 30 58 49 37 30 15 89 71 28 15 62 57 30 67 37 29 14 43 28 82 28 21 27 78 52 85 51 70 38 13 95 75 59 40 90 9 94 23 44 84 63 13 24 52 
11 80 97 65 57 38 92 31 11 89 57 4 7 93 22 88 39 7 60 80 2 75 87 74 54 89 24 59 27 73 65 2 70 53 61 89 94 11 84 86 65 19 81 80 42 32 47 33 81 97 33 93 96 43 53 20 0 65 66 49 28 57 60 77 34 29 25 74 33 57 38 46 10 35 47 26 57 62 3 2 72 87 70 72 56 60 4 60 87 52 58 10 20 60 91 62 23 70 72 64 
31 7 84 4 67 13 19 35 29 43 69 11 17 57 46 14 42 39 23 34 60 64 76 37 5 70 68 8 57 47 36 14 84 59 27 76 11 45 85 74 81 68 31 71 11 75 22 30 90 90 0 33 61 2 83 3 94 82 11 85 45 53 39 84 34 8 71 1 14 4 48 20 14 91 71 14 15 21 47 98 17 27 25 10 29 47 61 51 8 18 42 53 62 26 22 7 71 46 27 75 
13 44 2 21 70 6 50 98 48 59 55 74 50 60 59 73 60 61 12 70 50 33 84 65 9 51 13 95 94 1 41 87 35 70 25 0 75 31 56 36 26 69 34 19 61 63 66 57 15 89 57 52 96 51 32 33 80 36 92 28 16 33 95 49 72 3 14 86 65 56 21 35 57 44 58 5 99 46 82 82 81 96 40 96 6 25 15 56 1 97 94 28 55 30 6 28 9 78 88 18 
14 67 8 89 50 62 54 7 27 15 6 65 42 21 53 78 13 5 1 22 92 39 5 62 50 17 66 85 25 78 53 5 52 82 55 50 68 49 1 74 17 45 15 10 43 91 43 11 0 12 26 17 31 8 67 64 42 16 31 36 28 73 31 2 78 20 64 31 7 79 68 1 53 3 53 44 87 16 47 87 56 62 97 11 60 74 5 83 57 80 28 20 91 10 36 66 41 65 44 64 
56 78 7 17 32 31 96 56 10 51 85 33 83 72 92 0 19 83 99 34 30 66 91 37 9 21 94 65 32 97 6 8 98 16 25 62 62 64 64 53 72 36 29 22 31 24 21 5 34 1 16 77 5 56 86 76 74 53 25 38 55 32 32 12 13 83 48 83 93 70 41 72 98 91 43 62 60 32 1 69 35 39 42 82 43 72 18 81 42 36 99 34 90 50 72 47 42 18 54 0 
23 49 82 0 39 56 2 72 4 74 84 94 10 92 15 55 79 92 94 23 94 13 6 8 66 31 48 78 52 72 12 74 95 69 80 22 8 15 44 76 81 32 25 5 73 74 96 8 93 38 24 63 9 49 56 21 86 19 82 92 39 47 70 41 25 63 31 10 80 4 19 43 82 81 18 84 34 76 29 66 10 89 22 16 56 82 43 12 99 26 66 66 95 62 4 8 82 25 99 27 
23 7 0 45 16 32 89 39 68 6 45 24 68 24 38 27 38 73 20 22 99 92 34 36 73 17 70 60 41 56 20 26 33 56 15 29 62 27 71 65 40 24 98 88 50 25 58 60 79 62 18 70 93 62 17 61 88 92 79 20 55 48 97 50 39 36 7 16 84 41 64 19 76 34 58 63 81 35 38 38 39 74 31 14 30 42 50 90 49 87 32 85 22 66 39 4 60 41 78 69 
