30 67 76 77 1 15 98 25 84 10 13 66 64 58 30 68 31 1 26 68 44 48 15 68 54 44 38 32 41 16 6 57 43 51 81 32 43 36 89 66 54 79 82 13 6 82 34 65 24 24 86 84 93 92 11 62 89 77 23 41 55 68 24 12 66 31 53 59 40 73 93 66 92 43 36 9 42 89 9 40 56 67 28 6 85 33 11 88 4 21 12 47 6 52 65 97 69 96 80 20 
29 89 60 59 55 56 32 39 7 64 22 45 98 79 74 68 53 44 92 5 9 99 79 89 75 48 40 76 57 80 51 84 66 97 95 31 74 88 92 88 26 86 56 51 95 50 75 36 49 24 12 94 53 55 31 73 34 34 4 60 44 98 80 87 66 83 15 91 18 15 5 19 83 31 81 83 98 83 47 51 48 1 48 23 95 69 40 41 10 16 35 86 22 75 52 0 34 18 82 63 
35 96 27 23 85 67 44 86 68 23 9 53 18 64 89 44 0 42 42 74 24 94 24 74 18 13 51 36 66 6 50 95 8 63 11 99 64 95 45 22 37 64 43 86 53 64 42 65 75 77 72 87 83 30 75 32 5 27 94 40 49 80 45 87 30 32 43 16 41 39 27 75 12 41 64 66 98 45 94 9 98 63 36 2 24 14 76 52 90 41 91 94 27 98 17 90 36 60 73 42 
96 53 24 51 74 39 52 8 96 84 51 26 89 27 65 5 70 97 99 81 62 96 24 82 69 83 25 45 99 82 19 21 64 19 47 36 46 81 19 1 72 80 32 78 46 13 60 89 70 60 96 21 77 71 72 30 99 16 49 44 34 46 99 28 74 48 21 44 89 39 78 69 53 29 73 86 34 5 87 82 96 9 35 54 2 26 78 60 0 7 13 31 30 44 24 45 9 13 24 1 
6 29 71 72 45 92 58 22 64 72 75 52 79 14 0 57 10 1 88 2 45 63 61 74 83 81 10 86 78 44 13 24 10 80 75 38 52 51 19 77 17 85 88 31 4 7 59 54 48 13 41 54 65 17 17 88 28 5 36 72 81 39 64 16 48 95 98 2 68 25 40 29 52 69 91 58 50 79 61 24 37 22 13 17 13 64 21 47 46 42 48 27 73 86 33 67 81 58 49 34 
38 19 17 44 99 54 42 74 18 82 0 1 40 66 12 94 36 60 61 41 16 30 57 42 66 35 25 83 41 66 98 4 41 39 66 39 62 18 71 23 99 0 93 67 26 99 42 95 3 89 77 15 35 52 71 15 2 68 94 61 99 58 87 57 38 16 47 18 54 17 0 53 78 42 1 95 70 48 75 30 38 32 21 64 66 37 66 8 38 89 78 49 4 18 18 4 52 78 40 4 
95 49 23 80 63 79 34 45 25 54 15 12 28 28 30 10 50 55 50 94 61 68 95 15 7 43 61 95 29 78 38 11 76 60 30 59 81 43 86 60 47 35 98 25 78 13 54 87 66 92 64 9 48 3 79 14 73 40 87 12 37 35 83 33 34 73 11 48 88 31 68 38 67 21 92 57 19 20 62 20 35 76 78 61 98 18 49 20 69 61 28 80 37 57 69 55 76 89 21 37 
30 29 35 97 26 88 66 95 76 4 3 17 21 14 97 29 69 31 69 59 36 39 51 23 81 85 66 13 83 55 80 23 76 56 29 74 35 55 50 1 60 53 7 10 91 90 94 95 41 60 86 48 94 12 22 1 8 54 0 30 78 59 40 74 21 89 73 25 15 18 77 37 8 16 24 47 22 0 67 9 87 44 34 51 98 3 40 14 19 56 41 16 58 6 21 25 79 70 71 30 
93 89 12 68 80 68 49 99 29 89 54 92 3 56 56 23 13 77 69 25 1 52 79 65 27 74 7 81 26 98 11 16 38 53 17 98 95 81 26 19 5 72 53 67 76 95 48 6 42 8 69 43 3 25 81 62 28 58 14 19 27 6 61 1 26 76 22 30 62 20 50 19 13 81 66 96 47 53 22 22 34 87 5 4 60 55 67 75 14 23 58 17 6 49 41 55 4 69 54 10 
12 12 67 27 26 93 24 9 87 86 3 20 8 10 67 88 69 51 5 92 76 55 87 55 74 79 51 99 64 53 73 12 70 13 32 59 92 26 54 40 53 79 65 32 89 90 84 75 14 47 43 89 83 77 14 87 35 12 8 44 36 62 38 21 15 7 21 46 26 15 90 23 61 7 1 78 13 82 80 44 38 10 49 93 6 61 85 99 51 57 42 52 25 39 39 85 52 71 90 82 
93 1 59 98 82 78 83 29 55 87 12 53 6 97 3 53 26 56 9 85 72 49 70 37 42 9 35 28 76 12 47 37 92 6 53 43 49 93 0 10 95 15 70 56 9 62 69 37 67 89 67 3 74 20 21 5 72 71 14 73 72 67 77 40 32 29 68 36 49 47 22 1 58 24 44 9 96 88 91 33 88 32 65 85 58 31 73 6 78 37 32 14 52 94 86 6 96 15 96 27 
90 64 39 34 8 82 20 46 70 51 34 81 93 2 45 65 79 37 56 84 58 99 73 81 47 87 91 69 5 18 25 66 14 97 49 25 80 67 52 30 28 56 72 40 59 26 82 14 86 18 76 33 21 58 94 75 50 98 29 15 26 9 47 10 7 25 6 82 55 37 91 28 89 2 98 59 70 12 15 3 15 55 63 36 46 93 9 99 40 5 82 85 60 97 19 50 57 24 77 24 
49 63 57 81 30 85 89 6 18 77 14 77 97 19 56 92 25 65 71 59 26 54 84 39 55 40 59 80 69 95 42 0 89 58 97 29 51 94 99 65 65 83 86 16 17 42 47 22 20 40 97 33 67 13 49 57 62 73 56 66 74 5 68 38 7 13 29 84 79 12 38 76 22 5 99 36 50 88 40 66 32 68 33 98 52 44 43 71 6 40 95 9 30 78 69 90 12 64 68 26 
27 51 25 66 99 28 21 20 65 46 90 19 44 9 28 6 25 45 76 68 22 70 94 45 14 70 40 24 52 95 26 6 2 52 31 49 48 82 20 62 54 35 35 27 2 65 63 41 21 0 46 53 83 62 3 82 28 62 25 99 46 99 15 77 33 50 10 55 35 10 96 84 64 68 63 56 34 18 81 91 96 59 96 86 4 64 73 32 36 97 88 56 27 11 84 31 44 9 65 37 
25 97 81 15 99 52 40 59 73 64 61 83 36 0 86 79 42 37 83 6 54 48 2 27 94 84 39 96 42 85 12 67 60 41 40 54 92 55 83 44 59 37 13 78 78 94 24 96 57 16 83 89 21 82 61 92 60 9 25 32 63 99 51 36 92 52 35 71 63 77 60 35 71 91 12 41 21 10 70 56 88 17 84 33 73 59 70 23 77 26 82 6 68 66 98 58 77 18 63 68 
87 75 19 12 98 85 66 5 87 7 28 65 44 32 98 62 31 35 21 39 32 51 87 23 73 27 17 95 78 37 53 87 69 4 25 6 67 60 83 77 84 9 22 13 44 2 37 68 11 63 87 18 61 81 10 87 17 85 56 0 67 87 95 6 65 44 56 70 51 99 67 64 17 0 24 45 45 6 9 46 80 54 86 54 70 55 25 42 65 40 43 9 57 24 51 6 25 72 10 8 
90 98 90 9 14 61 19 56 14 9 90 97 3 48 24 28 36 57 2 32 72 52 91 81 0 78 11 2 24 27 29 80 35 97 24 25 22 99 45 68 56 14 88 89 63 82 51 43 18 84 79 41 51 10 58 26 23 31 1 84 92 41 43 30 10 81 69 32 50 82 51 47 54 73 43 26 37 19 37 53 6 10 55 84 6 29 90 74 27 71 8 6 18 75 91 21 80 81 29 46 
29 7 6 86 93 46 27 52 92 15 65 32 4 22 34 86 60 53 41 42 19 32 88 97 77 84 32 39 53 37 5 94 48 1 92 61 69 42 45 42 85 27 98 73 89 81 15 71 33 55 89 34 16 28 28 85 10 52 8 86 72 38 27 34 54 48 75 36 85 12 99 14 32 65 22 60 8 65 64 67 67 38 20 37 5 14 82 38 72 92 6 55 26 79 29 60 16 33 33 91 
50 52 59 50 36 76 32 57 55 25 12 69 91 94 76 97 51 95 1 55 52 43 66 53 75 36 41 9 30 95 0 65 79 3 27 71 93 61 8 52 91 62 23 15 32 16 8 76 90 50 37 46 53 73 8 14 54 98 93 13 11 74 19 79 33 52 69 1 25 54 78 84 58 51 26 39 0 87 87 55 1 3 38 17 76 78 68 52 3 96 47 11 35 35 50 9 7 63 51 67 
5 14 18 14 32 80 83 18 67 55 99 70 1 58 21 81 77 51 98 4 75 74 65 81 4 72 37 51 74 77 39 35 40 98 88 54 1 81 87 92 94 60 11 45 49 64 32 54 35 43 98 26 26 53 6 33 71 8 72 53 14 17 96 35 16 20 33 72 92 99 30 77 33 7 7 52 46 12 52 51 87 34 85 62 51 0 61 48 19 92 63 50 46 11 86 72 85 26 7 84 
5 21 41 20 59 59 51 22 63 74 62 30 28 1 25 72 23 59 24 78 18 2 66 64 99 71 69 18 20 24 83 98 49 83 6 10 72 41 59 0 85 99 36 81 75 47 63 39 85 55 18 42 28 13 89 69 4 86 41 16 85 13 86 5 72 62 50 67 30 8 95 90 64 14 87 65 71 5 32 32 94 18 63 2 38 58 84 94 74 87 26 12 31 21 18 82 97 49 30 87 
46 40 36 12 95 91 24 46 81 65 10 39 5 31 83 48 24 67 55 50 20 87 52 88 39 40 1 97 89 44 65 62 27 49 12 74 82 79 22 23 65 17 91 68 87 47 98 13 17 30 23 7 3 41 7 97 44 22 1 34 51 28 74 59 67 40 32 67 2 41 52 70 34 77 17 15 16 72 93 29 9 67 22 19 82 49 51 59 39 48 72 96 60 24 11 80 18 12 57 8 
71 49 24 57 92 55 50 59 71 17 54 32 18 24 1 91 66 55 36 34 39 26 13 8 35 68 27 63 93 93 93 29 48 56 41 29 4 25 97 69 77 74 30 98 78 43 61 19 31 52 87 49 85 90 39 15 37 9 38 49 24 72 66 18 66 89 7 98 22 86 14 65 93 80 74 34 21 96 16 47 96 75 22 69 45 74 16 47 98 1 59 82 70 32 14 79 29 88 26 48 
22 67 8 23 60 82 96 21 0 45 32 75 86 0 26 31 70 1 59 88 25 87 40 45 12 53 27 7 16 41 98 62 2 59 33 67 53 72 82 7 58 52 20 90 4 56 52 1 40 96 96 40 66 44 60 20 57 44 76 80 83 77 59 34 25 78 60 45 57 87 42 12 33 68 44 97 55 10 83 55 61 38 71 29 43 66 32 29 34 36 44 64 91 3 41 86 1 72 9 56 
0 78 22 92 46 46 11 56 54 42 2 71 90 71 12 97 17 92 34 61 98 61 37 12 40 76 76 47 6 14 48 21 77 37 0 70 15 61 51 79 58 81 23 95 46 67 63 38 27 2 43 12 26 11 38 28 41 90 64 49 2 75 62 80 64 69 86 75 80 53 39 98 95 94 61 44 39 27 49 37 15 61 35 41 22 71 79 3 43 23 65 59 42 52 81 57 43 57 23 7 
72 87 99 28 36 97 27 38 65 78 76 29 65 4 87 86 9 88 44 19 2 31 12 19 5 35 90 31 31 29 51 66 44 25 71 79 89 82 3 33 49 77 1 72 2 84 69 13 4 7 97 38 49 9 95 99 24 46 86 36 95 57 10 24 76 94 11 73 8 58 96 21 71 74 65 4 94 27 58 63 82 63 19 77 56 37 12 80 26 1 15 22 33 94 40 20 35 39 56 87 
50 4 18 65 34 15 86 22 76 75 91 44 40 88 4 76 36 35 85 6 93 74 7 62 57 67 13 0 81 10 28 52 50 49 77 31 67 8 2 42 65 12 7 36 33 42 97 90 73 71 8 65 33 39 4 80 84 85 97 10 68 14 60 54 10 32 82 21 89 87 31 64 80 32 73 86 6 14 26 65 62 90 72 72 75 60 36 55 6 31 64 67 65 19 41 95 46 37 3 40 
77 50 11 43 50 13 27 16 62 87 0 31 4 16 96 56 75 31 9 17 18 69 82 90 7 90 1 32 47 92 81 95 62 88 20 21 42 38 68 76 31 5 77 37 6 47 6 73 12 42 17 52 29 75 84 73 47 50 58 9 73 38 20 68 69 54 96 24 1 40 32 95 58 41 99 87 17 97 21 87 55 44 99 29 50 34 36 70 0 55 42 90 59 94 25 69 14 63 50 33 
43 58 82 65 89 62 20 36 24 25 93 66 95 82 11 72 2 77 4 15 36 18 71 23 50 20 30 51 0 91 14 48 23 80 52 85 88 96 14 62 28 32 42 10 53 95 57 25 80 80 18 38 79 82 3 11 93 61 37 2 24 75 68 56 74 38 37 89 10 36 0 27 97 97 84 26 0 51 93 51 17 32 76 7 18 19 20 75 49 68 80 46 5 13 72 99 35 9 2 79 
36 97 82 80 74 12 3 55 37 15 87 68 89 96 4 64 61 93 49 95 81 37 57 42 56 68 38 67 83 80 5 64 38 95 11 57 80 49 15 45 20 41 91 78 79 16 32 15 71 1 66 95 26 13 35 88 8 25 58 9 73 84 75 88 7 2 57 14 38 21 68 8 92 19 73 2 43 49 87 42 41 63 63 27 68 15 9 50 54 70 8 89 98 64 72 62 31 23 67 91 
17 87 75 31 94 61 49 51 14 25 93 55 82 29 48 58 22 7 77 65 77 14 45 27 57 76 21 4 19 89 9 83 56 19 46 68 17 10 84 55 60 59 41 75 67 77 77 10 84 1 34 73 50 61 75 94 96 20 44 0 3 25 64 39 36 66 63 9 82 2 60 28 29 36 57 21 92 82 90 89 56 18 40 50 69 48 55 83 60 9 66 39 6 18 94 59 45 87 0 83 
96 1 38 40 71 94 28 87 40 76 75 92 11 89 87 7 89 70 22 6 39 66 44 81 45 16 12 99 46 22 67 54 92 36 99 45 81 76 42 63 55 92 69 30 0 95 3 93 87 83 94 95 65 23 29 54 23 63 46 99 39 88 6 90 62 94 37 83 25 75 88 50 38 17 90 41 13 55 76 96 66 8 77 2 73 96 40 89 37 32 41 86 37 12 23 58 85 23 62 84 
11 89 84 12 81 72 7 43 78 5 67 36 19 56 86 63 76 10 67 24 71 86 87 73 24 34 25 35 65 36 33 63 21 37 47 89 95 3 5 77 68 89 26 37 61 35 56 69 26 65 25 61 4 89 61 28 23 7 83 30 0 3 58 19 76 4 29 16 57 52 14 35 95 0 78 62 69 18 69 33 14 75 98 77 69 30 88 71 67 90 3 20 39 27 60 41 75 32 15 7 
59 91 20 65 10 69 76 77 39 68 56 83 8 66 34 47 25 92 39 74 28 59 52 92 29 1 13 69 19 32 83 40 24 82 81 67 6 12 70 12 26 9 33 71 49 41 48 89 52 55 69 96 53 66 66 29 36 83 72 63 87 96 83 64 60 19 83 92 50 18 82 76 43 97 92 1 17 49 55 85 92 92 16 19 94 76 13 22 16 92 5 2 29 97 93 31 4 57 17 13 
15 26 26 73 25 13 49 28 67 49 0 57 7 69 67 73 48 28 93 60 86 5 68 87 5 50 95 96 80 77 95 90 52 80 52 46 69 36 28 29 28 13 28 59 17 21 90 11 83 11 38 43 18 33 93 39 80 47 96 53 71 58 45 67 46 9 42 13 90 71 73 0 71 89 83 20 35 1 37 5 6 88 13 99 7 8 1 95 62 60 75 28 18 72 7 44 97 80 10 20 
97 48 44 25 5 38 73 3 29 99 40 46 2 35 80 64 9 30 22 82 30 74 6 54 16 83 73 4 72 77 35 88 57 98 14 40 50 67 43 42 22 26 47 80 95 40 0 9 34 92 73 47 41 49 0 99 54 56 83 89 15 93 29 73 91 10 73 64 93 24 63 71 34 27 58 5 79 36 6 43 84 45 50 53 54 91 61 67 44 46 93 53 12 98 36 2 47 2 58 43 
70 6 43 31 71 4 53 38 97 66 20 10 83 37 2 53 6 50 61 65 21 38 7 41 20 11 32 37 96 85 26 35 87 20 85 30 62 92 60 51 23 86 4 22 48 81 23 19 41 57 8 38 77 11 45 52 74 57 61 76 99 67 79 25 21 14 63 16 66 80 91 99 14 29 80 67 86 80 91 43 42 16 70 67 65 73 12 36 44 10 95 56 7 17 3 12 63 89 11 0 
25 58 75 96 61 6 42 60 62 66 65 69 33 16 83 65 57 24 90 63 78 53 74 81 65 66 33 86 38 48 67 71 43 77 50 4 65 41 77 95 96 68 56 28 79 52 16 91 52 65 80 90 97 14 7 59 72 2 52 53 17 47 30 50 81 13 46 72 1 34 41 98 67 73 54 38 20 65 3 64 39 51 99 29 65 2 60 69 85 49 26 42 42 47 68 95 23 7 65 72 
18 98 54 30 12 33 34 69 35 73 9 79 98 38 45 40 13 68 6 60 20 52 2 65 29 58 13 98 76 26 69 59 3 24 3 26 22 92 84 46 77 78 35 65 31 39 0 75 22 40 14 80 80 22 12 58 35 35 29 93 73 30 92 11 89 81 6 88 50 59 44 44 41 52 43 54 33 97 59 1 71 95 86 53 30 96 36 5 60 39 80 78 69 12 56 54 12 16 14 54 
36 33 98 29 28 17 31 82 54 16 66 43 21 84 88 35 53 73 66 49 39 84 62 27 13 54 0 73 15 85 12 1 11 79 18 15 14 39 25 21 39 64 16 9 67 71 19 86 30 45 82 47 21 21 71 46 72 7 72 36 51 28 78 73 99 20 56 39 14 62 23 14 83 66 55 27 18 33 10 69 92 36 44 48 90 18 99 75 43 8 76 99 79 58 97 54 45 8 44 25 
53 72 16 70 79 45 38 81 18 57 27 85 0 95 24 81 40 52 6 32 78 63 60 70 32 34 13 60 21 59 34 81 26 3 64 41 6 18 41 2 86 39 33 70 69 33 83 69 6 78 53 64 52 67 24 44 49 61 75 78 86 14 22 71 6 34 90 75 37 64 88 84 50 24 88 32 5 91 59 83 62 65 26 58 98 49 48 34 47 53 57 69 93 76 93 42 4 22 52 96 
31 87 51 29 12 34 52 11 37 67 73 14 93 87 19 71 7 91 64 44 77 40 5 25 18 77 73 63 73 98 73 91 9 23 51 2 45 68 21 54 55 27 66 7 18 38 18 59 92 48 84 94 5 26 93 78 91 78 76 22 72 42 41 58 15 69 58 82 36 3 51 11 35 27 88 62 1 86 45 22 60 25 69 92 64 93 99 28 39 66 96 95 2 46 9 59 12 48 25 71 
3 29 2 32 80 17 45 63 16 73 18 87 4 96 29 29 32 39 93 78 40 89 11 10 71 11 63 27 61 44 53 55 46 13 62 73 83 79 84 81 37 61 59 59 48 92 57 54 61 67 85 70 35 28 12 14 94 16 88 66 9 42 60 7 34 67 87 60 28 88 8 74 52 17 51 11 63 9 94 35 6 30 10 78 15 86 6 8 60 22 68 15 29 13 12 23 47 48 66 88 
86 13 99 52 86 90 10 80 21 4 66 56 68 23 8 83 37 63 19 80 64 27 88 52 16 29 23 47 4 23 17 52 25 53 88 80 39 3 52 81 11 60 43 93 87 86 79 68 8 56 22 70 11 17 26 23 91 87 59 79 30 41 62 89 98 32 55 73 18 28 93 93 49 21 16 70 6 8 95 19 97 87 39 38 44 16 0 41 98 14 30 6 92 24 83 3 85 7 64 37 
3 45 45 35 42 95 88 66 81 47 20 90 27 43 70 32 16 26 52 61 36 30 34 65 31 10 98 34 57 56 59 94 20 47 88 92 19 51 45 82 73 49 90 11 15 1 71 83 51 33 32 73 34 20 14 84 62 78 57 25 39 94 68 22 26 41 66 56 68 53 90 2 18 34 1 71 65 71 10 12 16 60 15 0 39 91 30 75 74 21 74 58 50 90 67 83 60 40 91 87 
0 23 7 98 23 65 21 73 8 20 3 59 83 48 44 69 24 51 58 70 95 10 64 47 31 78 48 58 0 6 39 49 15 83 96 29 5 18 11 84 97 80 51 16 34 80 97 81 20 32 22 84 96 25 71 49 82 85 51 50 94 78 51 5 74 12 5 41 87 13 33 7 43 76 68 94 22 48 81 4 16 31 62 27 21 63 43 16 58 35 1 17 3 73 1 29 61 55 34 96 
2 19 16 20 47 63 19 27 78 61 68 73 55 35 34 53 88 91 55 43 7 13 68 65 59 85 63 91 15 78 27 15 54 43 21 97 68 54 85 33 4 2 98 98 74 65 74 75 54 61 18 28 66 30 42 91 65 89 7 68 33 51 48 66 54 9 38 54 23 59 60 85 40 67 43 89 33 31 7 88 86 33 41 65 63 26 89 75 6 1 39 3 38 98 10 8 23 50 61 9 
20 16 22 39 39 28 7 27 15 76 31 14 58 80 97 59 17 6 67 21 65 85 61 82 75 42 3 51 52 77 13 81 54 61 65 6 93 6 58 28 61 33 99 51 14 53 94 82 5 97 38 80 39 82 43 87 48 99 72 93 78 46 49 25 13 16 31 20 65 96 65 12 34 68 12 28 79 80 36 42 59 59 24 30 95 12 52 75 48 45 10 83 40 94 59 38 10 7 79 63 
27 74 62 3 59 72 84 85 45 2 96 50 70 77 88 29 78 37 56 2 28 89 88 25 87 95 30 80 81 17 49 40 61 93 82 60 15 65 17 86 15 2 76 88 18 34 46 58 36 67 19 64 95 62 97 75 42 80 14 19 54 91 28 75 53 16 90 12 3 28 89 47 98 13 45 38 44 38 26 53 60 21 41 93 81 28 75 8 2 78 63 22 43 4 90 44 95 19 84 59 
55 71 98 71 45 5 72 57 76 93 44 97 15 32 50 20 44 43 45 89 3 7 29 98 59 88 22 10 24 91 26 37 50 33 55 47 81 68 91 68 1 32 60 0 72 7 10 18 62 60 38 98 24 22 28 88 64 39 60 59 47 95 46 17 0 11 20 51 1 65 0 65 96 82 18 20 12 70 81 59 39 59 12 39 50 96 8 2 82 86 57 57 49 43 70 9 39 99 5 79 
14 5 66 10 60 64 78 38 50 53 59 55 36 46 66 68 4 75 18 56 95 44 11 29 86 24 61 23 52 88 66 79 64 7 17 73 22 29 48 86 19 33 36 86 73 59 48 25 23 85 4 36 36 62 39 51 53 69 75 8 58 27 47 18 38 71 16 88 94 21 20 16 82 65 37 99 25 61 26 37 10 66 11 96 68 46 73 50 91 90 4 16 59 27 36 86 96 74 61 59 
51 12 99 99 16 49 20 84 24 45 80 89 50 64 52 62 8 38 30 43 11 43 72 67 15 60 73 57 40 35 11 0 89 71 75 96 69 66 7 27 96 65 74 13 94 41 1 92 35 66 36 67 98 29 35 52 15 30 78 92 11 22 58 22 30 93 18 51 32 3 52 89 86 35 21 97 39 69 4 51 11 24 73 40 12 95 81 33 67 98 91 38 60 79 62 72 83 2 82 64 
66 96 13 97 69 35 47 17 89 30 67 74 28 66 67 39 20 30 62 72 38 55 29 29 41 63 48 71 87 51 37 51 10 58 40 53 71 32 97 96 87 54 32 31 67 44 96 59 30 69 66 70 53 21 26 87 18 73 70 7 63 87 97 52 9 12 19 55 12 30 32 51 82 13 38 28 32 32 50 14 91 92 45 30 59 9 67 17 64 54 85 3 34 82 0 54 15 62 37 44 
69 53 58 82 33 25 21 42 18 72 7 70 91 91 15 94 29 26 85 47 55 64 49 57 70 8 61 6 19 88 74 60 78 26 33 9 5 52 88 53 46 95 22 84 93 35 93 68 26 44 62 57 78 37 47 31 35 30 76 68 89 15 14 15 62 0 95 36 38 69 73 77 91 98 35 28 34 7 93 33 3 28 28 79 26 21 65 94 86 40 61 60 98 47 73 57 70 51 70 59 
11 61 47 65 22 72 34 62 26 63 97 73 4 69 62 64 98 6 89 50 3 24 76 18 94 98 95 1 41 55 25 21 44 59 42 43 94 33 23 33 52 76 51 40 96 23 28 21 35 94 33 39 21 0 69 97 32 62 28 4 72 81 79 23 66 3 26 33 24 94 54 42 4 61 1 54 39 39 1 42 52 69 83 73 1 43 0 42 9 10 16 22 50 24 38 17 45 13 32 32 
84 97 95 42 83 10 58 42 82 60 43 71 6 85 86 63 26 25 77 49 60 90 3 47 20 77 17 75 56 22 54 4 5 12 66 2 61 64 97 98 65 58 61 8 57 16 21 94 73 15 92 66 30 31 65 11 18 91 16 88 84 5 25 84 72 35 31 53 53 38 28 88 52 33 15 68 76 9 70 86 74 72 21 97 35 4 79 13 67 46 19 2 16 50 74 46 96 25 75 6 
12 92 94 12 29 82 9 61 7 25 44 95 84 53 21 29 34 62 83 54 20 54 22 47 85 90 27 28 14 2 24 24 1 34 99 76 11 60 67 41 68 67 87 81 83 40 94 8 91 95 51 11 16 84 74 8 63 0 13 75 49 82 96 60 57 81 83 87 64 52 62 53 84 87 75 71 45 83 98 24 15 81 21 21 52 67 1 57 61 4 57 35 86 74 17 54 87 96 86 88 
17 36 44 96 54 77 16 98 27 54 99 62 18 35 67 35 83 32 16 49 32 35 18 91 65 17 33 30 45 84 8 60 17 22 18 20 52 10 86 66 20 19 87 89 19 90 87 64 90 65 79 98 3 36 51 65 49 75 2 0 52 32 89 19 40 10 1 27 90 5 58 11 93 12 60 27 83 17 55 95 41 84 67 98 75 99 14 79 58 45 2 59 74 36 62 21 52 99 27 10 
89 55 70 77 53 57 4 82 10 68 2 17 95 33 38 2 87 25 62 26 74 45 24 29 51 4 61 21 7 44 14 77 13 2 27 8 86 72 50 83 75 44 64 86 72 50 66 10 24 25 15 70 30 98 7 44 94 57 19 45 17 36 24 60 29 96 66 51 8 7 46 10 62 16 37 66 45 5 73 14 73 23 25 43 89 77 9 61 92 90 69 55 87 20 39 7 14 69 89 23 
92 37 23 31 96 40 89 84 46 58 65 89 99 55 80 48 33 60 1 91 4 47 5 52 44 74 89 53 83 59 29 48 66 99 27 66 73 80 80 46 66 99 29 64 38 2 28 91 2 78 35 0 67 17 29 72 73 2 20 55 29 88 91 14 49 92 53 86 0 13 42 18 50 14 1 23 1 23 53 46 29 64 15 34 21 63 32 50 82 2 91 57 15 52 38 80 86 44 78 21 
54 26 3 9 70 50 0 34 72 19 71 94 38 73 61 30 49 29 41 0 70 36 46 51 82 61 33 48 13 75 96 81 90 20 55 95 85 48 28 53 13 72 30 83 72 25 38 80 76 4 54 96 62 59 45 89 74 1 10 80 84 70 80 98 33 69 26 24 15 11 68 20 22 76 10 28 71 68 64 92 97 86 26 55 69 88 60 70 78 71 64 81 86 40 90 62 19 99 41 11 
37 35 84 98 39 35 56 55 29 43 36 94 85 90 17 61 64 34 51 84 22 16 91 91 89 57 31 76 55 42 90 9 15 48 93 68 45 64 46 18 96 21 70 1 51 69 15 2 43 37 86 5 40 87 83 17 58 90 93 31 57 9 63 42 8 35 57 98 95 55 90 14 48 34 95 50 48 57 44 1 89 97 57 94 73 20 0 9 12 34 45 40 83 92 14 34 29 47 21 8 
18 16 98 39 18 75 57 29 67 1 60 87 46 47 33 30 72 23 70 45 31 45 8 35 26 23 1 49 18 25 81 74 50 63 12 60 29 31 50 14 45 26 47 56 16 74 0 83 91 89 81 46 17 44 53 0 93 82 38 51 33 75 82 55 34 57 71 15 30 86 85 97 22 30 93 76 88 66 91 39 62 49 57 0 28 10 27 6 94 62 83 43 33 31 46 32 87 6 14 10 
25 17 85 93 13 95 50 51 77 36 59 39 90 84 23 99 48 51 68 79 81 31 51 94 24 53 18 5 68 92 15 54 9 63 96 71 39 81 35 85 56 59 2 75 51 48 29 70 86 4 23 29 47 35 58 48 75 95 55 94 42 45 77 63 35 24 5 51 63 55 62 89 88 71 2 95 0 11 64 79 37 0 56 85 92 68 88 17 77 79 96 39 49 40 36 17 78 28 52 41 
58 33 16 76 91 5 57 31 94 53 49 60 59 63 14 66 23 65 21 44 79 81 28 32 0 62 60 36 75 68 25 33 31 39 10 94 77 52 13 2 68 64 98 50 29 17 63 74 20 43 73 19 20 39 57 52 83 74 17 43 82 59 28 75 3 46 90 31 15 68 97 49 95 14 65 56 85 43 78 68 41 92 20 92 97 59 70 32 59 52 7 95 46 82 81 66 98 0 2 7 
97 2 57 28 90 51 96 56 87 84 87 23 79 87 42 88 97 36 67 24 32 80 62 24 7 12 52 59 83 64 57 81 70 96 49 87 10 33 77 64 87 13 35 0 73 73 83 67 97 95 0 68 41 27 46 58 30 49 25 62 62 75 30 82 43 25 17 58 83 98 51 61 24 29 12 51 97 48 20 24 1 87 69 87 71 32 24 68 67 93 0 31 21 15 99 74 11 54 17 56 
44 93 66 4 98 92 91 11 3 15 59 29 0 28 90 95 45 51 90 24 29 69 26 81 9 15 71 93 63 45 25 91 73 79 34 78 34 94 64 70 16 58 9 48 10 26 59 54 28 17 6 68 85 96 33 10 25 12 86 75 11 21 29 49 88 95 99 78 44 52 36 34 36 6 43 22 73 54 92 17 24 5 98 9 95 90 2 36 34 57 84 95 90 67 33 11 78 89 69 34 
31 45 61 0 34 98 31 27 19 7 49 88 44 71 28 31 37 60 94 64 51 46 1 99 92 61 25 40 78 21 56 44 60 13 9 16 91 54 47 75 68 14 10 90 77 16 50 82 90 45 87 54 90 51 9 97 70 45 74 54 26 0 64 10 46 93 98 18 62 35 26 13 69 29 36 37 46 51 90 81 48 77 43 49 76 61 45 42 96 23 30 23 70 41 69 37 66 12 98 57 
40 16 3 63 89 2 1 87 55 32 39 89 0 85 69 47 40 71 75 86 37 21 94 4 31 73 75 32 55 30 92 79 60 49 80 43 57 45 31 61 10 28 48 62 25 56 56 66 22 54 0 52 46 69 51 41 37 70 55 77 2 68 44 74 67 98 24 46 89 28 32 95 61 50 75 0 92 74 46 43 68 32 88 1 71 51 31 30 23 83 11 50 91 72 37 91 9 72 99 68 
92 21 30 45 96 22 3 99 28 52 94 2 63 67 4 62 15 81 48 87 34 9 45 36 89 53 69 30 77 58 5 36 67 52 59 86 80 80 20 31 50 96 72 87 38 71 10 1 70 37 65 47 17 22 59 23 96 80 51 78 36 53 38 88 69 11 77 15 81 37 10 31 65 41 68 93 59 62 4 18 89 23 62 67 33 8 55 35 98 19 79 9 89 68 94 26 11 84 19 48 
78 20 53 80 6 16 82 6 34 74 81 23 16 37 30 23 77 66 95 0 36 97 29 81 85 23 1 59 64 82 69 53 55 98 2 86 29 47 2 28 48 51 36 86 14 41 15 11 22 1 81 45 81 71 30 75 7 18 87 27 89 82 31 54 74 18 3 65 13 85 28 80 89 11 95 57 40 90 8 79 48 71 76 7 23 87 20 23 52 98 45 45 6 87 85 91 65 40 1 37 
95 78 9 6 56 92 17 14 41 1 17 26 74 8 76 86 78 27 60 45 51 50 65 31 22 25 99 91 36 68 76 53 34 35 11 1 18 1 94 10 90 84 66 78 28 50 40 58 51 63 54 12 81 74 72 3 38 24 53 71 0 51 41 74 19 59 47 15 22 31 14 32 15 14 27 73 11 91 34 63 42 93 59 49 58 19 23 50 9 5 11 99 80 16 38 60 89 83 82 50 
53 13 69 38 99 92 89 40 31 26 81 48 70 83 45 4 69 36 4 32 20 15 85 95 5 3 77 75 45 97 94 59 39 95 79 54 86 48 86 26 72 4 74 62 12 89 34 73 47 97 41 77 38 31 72 99 11 61 64 87 11 91 45 86 79 65 64 13 45 37 39 33 89 75 3 89 39 29 92 8 27 15 49 84 28 59 78 6 73 17 77 31 66 17 9 90 45 28 76 47 
0 47 17 79 78 45 25 21 76 17 73 81 22 45 15 23 78 97 32 29 44 79 51 48 14 81 16 21 90 27 3 92 30 23 2 73 12 90 64 46 38 29 76 47 15 23 25 96 27 9 43 36 79 31 94 83 20 25 5 45 34 90 94 23 76 76 96 75 3 1 4 27 2 99 17 19 35 66 94 80 11 81 33 79 47 2 42 14 36 48 32 51 40 86 31 82 33 74 77 97 
34 78 70 30 32 93 59 61 14 29 6 19 24 31 76 98 52 99 30 89 38 47 5 11 45 62 63 47 22 50 79 39 33 69 44 53 15 38 52 57 59 84 73 92 11 7 59 53 73 43 96 30 24 77 43 53 61 11 39 3 87 95 80 20 34 99 80 69 31 19 91 75 51 11 11 21 47 47 21 23 30 29 8 91 89 58 20 56 3 35 70 2 63 65 10 13 43 3 92 18 
50 87 20 74 77 39 32 56 61 53 48 73 20 97 96 65 79 66 20 21 99 52 35 31 7 9 12 10 8 61 66 43 65 50 35 95 70 71 80 54 8 88 75 23 11 3 93 80 34 46 45 1 14 21 80 84 2 69 14 91 18 33 81 26 63 16 76 70 29 56 67 11 30 45 54 77 10 12 31 36 52 33 80 2 56 47 80 87 21 20 56 20 5 56 85 81 82 50 72 47 
99 88 2 22 31 75 17 62 2 31 6 33 50 24 89 48 4 81 10 41 63 59 30 48 68 46 57 97 90 79 61 94 32 73 59 53 5 26 48 88 42 17 15 42 43 9 56 21 47 15 48 78 81 84 76 49 19 61 11 30 76 95 32 2 19 95 79 42 97 6 43 53 95 32 84 72 28 10 46 51 12 26 97 38 86 50 50 45 11 7 22 3 20 47 94 13 24 48 3 26 
85 88 82 10 1 22 43 67 0 11 37 91 4 92 65 60 83 41 56 81 68 67 2 50 93 82 65 53 56 6 1 49 65 3 29 95 3 11 14 75 9 50 59 13 30 48 56 89 96 38 83 88 22 2 23 33 24 40 51 39 59 21 47 91 93 44 29 31 53 61 91 44 59 37 54 41 43 31 74 6 76 80 97 52 80 82 29 21 96 90 34 38 56 87 8 63 80 65 40 32 
49 54 96 97 51 68 20 87 99 95 24 93 64 72 51 7 22 61 93 22 22 27 52 40 40 14 87 55 62 84 7 92 20 45 87 24 37 5 64 82 97 67 36 38 91 40 14 78 69 67 53 8 65 79 88 51 47 54 18 53 0 13 87 96 77 3 51 15 64 70 41 76 42 91 47 31 14 46 0 9 49 39 46 90 86 31 5 32 20 69 36 82 46 54 22 80 34 71 44 71 
33 46 29 7 81 52 90 30 76 10 7 28 65 29 77 85 97 30 53 63 75 37 73 69 71 77 66 0 79 9 50 87 71 14 83 0 35 49 95 32 18 10 17 87 25 1 48 78 37 52 31 12 1 9 25 80 12 78 94 99 45 18 21 69 31 45 39 62 63 90 95 37 64 60 60 53 15 28 93 86 35 70 83 67 66 18 24 81 20 79 89 6 0 44 9 55 84 75 53 27 
34 96 19 13 33 95 79 83 25 97 46 36 78 46 37 31 73 38 66 78 12 34 25 5 23 81 30 86 63 33 61 9 56 66 30 0 2 16 38 53 51 4 41 55 11 42 5 34 67 28 11 9 91 54 85 64 98 65 0 42 92 9 47 13 80 76 87 37 34 82 77 91 34 94 9 38 65 82 11 54 35 17 55 50 18 48 5 71 19 43 99 71 82 25 79 59 94 15 84 73 
54 81 24 13 85 85 45 86 69 81 68 23 6 51 23 19 45 19 33 2 83 75 8 93 38 61 41 59 64 50 48 21 41 66 19 86 26 44 15 35 2 15 62 95 12 17 41 95 47 63 69 84 33 97 73 59 87 24 30 73 59 25 35 98 68 79 18 68 14 12 46 93 73 92 34 9 28 83 30 97 25 40 93 66 15 94 3 62 14 18 28 52 26 28 37 59 62 94 29 29 
87 11 98 36 10 81 9 88 2 94 51 50 34 39 5 16 17 25 11 30 94 75 65 29 51 96 42 63 76 15 4 66 53 76 99 7 68 9 21 45 60 73 22 46 91 39 14 22 68 94 71 27 60 24 19 60 26 40 70 69 54 1 47 26 28 84 73 24 60 32 60 80 63 56 33 81 99 52 50 56 40 54 93 53 4 48 52 89 84 17 45 74 27 44 47 11 66 21 12 37 
85 7 24 77 82 88 3 18 55 15 22 81 72 32 16 79 37 67 6 40 69 62 83 14 56 96 2 39 66 58 72 71 72 9 35 39 94 60 51 94 10 63 59 42 17 32 79 79 99 57 75 96 60 55 4 89 52 6 97 19 66 72 10 81 36 82 92 92 54 40 27 82 77 21 31 8 34 43 88 27 20 91 34 58 46 20 93 74 24 13 65 11 43 21 44 97 18 95 10 46 
20 44 50 20 88 47 0 96 20 23 14 4 49 69 38 47 58 30 64 79 99 89 20 59 16 4 63 17 18 47 87 98 56 29 0 20 2 91 36 49 47 15 93 94 33 85 61 36 33 28 67 50 98 31 28 99 77 37 20 74 87 62 6 32 40 66 61 0 0 32 29 58 30 4 93 48 70 65 58 52 46 10 48 68 33 66 68 82 64 9 65 8 74 96 27 19 49 4 77 6 
89 43 82 2 21 88 82 55 84 92 33 10 18 45 89 53 3 14 68 13 79 91 16 91 14 30 62 49 41 34 96 28 98 27 82 14 49 74 92 76 92 47 38 73 40 48 32 60 0 59 3 20 6 63 56 66 36 75 39 96 12 96 62 88 83 12 31 46 50 82 23 37 34 36 41 98 78 15 59 83 10 10 39 47 66 18 64 15 55 36 34 25 30 70 19 14 87 59 48 70 
31 77 8 38 37 30 63 21 5 15 77 48 2 74 79 94 22 90 90 20 16 79 40 52 5 85 44 36 10 51 97 77 41 2 73 81 21 90 98 38 35 99 61 20 43 84 51 76 80 66 13 2 14 66 63 12 56 48 11 20 49 4 62 81 39 78 15 68 68 46 99 24 24 95 89 35 51 35 27 35 13 35 77 17 42 21 92 95 41 39 93 36 84 26 7 44 90 35 31 77 
8 13 95 49 32 75 64 96 74 15 63 61 7 71 94 24 80 27 36 43 25 23 99 90 54 22 13 19 30 87 11 50 69 11 0 95 29 24 62 13 45 44 64 63 22 21 72 85 63 28 45 49 15 71 99 23 28 55 74 10 38 22 85 67 68 13 75 35 58 37 19 60 60 67 16 40 22 82 55 66 88 68 93 97 56 3 99 14 57 21 35 72 66 70 39 14 8 58 1 93 
69 23 39 86 34 59 88 78 81 25 83 36 6 80 62 87 71 48 34 81 54 9 92 87 44 13 3 78 58 46 1 48 54 96 59 75 8 88 1 11 46 34 96 67 94 94 22 42 53 45 39 6 91 98 86 81 69 7 28 14 70 38 86 98 11 59 45 79 81 19 85 65 3 37 35 35 51 37 23 68 37 82 84 46 91 37 75 39 52 50 6 83 23 89 14 25 45 81 66 22 
42 75 58 13 17 43 34 15 2 26 31 59 68 56 68 93 74 28 1 97 7 24 88 81 86 15 92 2 3 84 55 63 2 12 18 90 87 35 98 57 95 11 61 64 94 42 23 39 82 73 18 47 22 52 28 8 86 96 8 53 38 67 10 99 66 43 79 75 89 77 64 79 33 35 9 15 6 92 13 84 44 35 0 28 94 3 13 99 40 73 2 54 45 70 97 62 94 11 71 71 
77 10 98 2 49 67 23 99 0 38 70 59 87 71 66 73 63 91 91 60 56 45 26 0 58 82 42 88 5 88 40 3 5 53 2 14 26 6 95 90 18 25 90 37 52 32 88 63 36 7 14 33 33 77 52 45 85 2 43 81 39 39 13 12 5 70 42 78 9 80 5 14 69 40 65 26 82 98 81 99 33 88 99 31 59 60 96 55 43 38 94 52 97 91 66 59 50 70 48 91 
33 77 77 84 76 48 59 34 35 78 51 72 48 16 88 1 47 78 26 87 56 46 89 78 35 0 91 27 19 8 87 18 23 14 55 0 97 27 97 9 63 6 77 21 10 82 66 97 69 47 26 85 87 95 19 7 1 82 96 50 98 48 51 97 27 2 64 14 0 99 69 66 44 49 27 77 98 90 78 37 84 8 29 76 41 93 76 91 97 50 37 86 48 66 72 32 52 82 6 65 
26 64 0 59 75 96 82 85 22 25 66 83 45 64 13 78 29 98 16 50 54 43 22 5 3 51 42 69 62 84 74 10 59 68 15 10 14 37 4 17 38 46 43 25 28 15 75 57 72 76 63 43 90 30 3 72 39 2 89 19 42 74 5 98 86 1 0 12 9 87 74 57 75 25 18 28 63 54 96 2 62 6 69 64 82 6 53 30 72 32 37 29 8 44 49 22 40 63 45 60 
0 54 84 81 69 79 98 27 9 0 2 89 98 80 58 75 29 27 22 85 24 60 10 20 91 8 80 5 56 68 69 20 46 11 15 80 63 35 22 60 80 5 39 45 56 99 14 77 55 81 47 87 26 90 32 80 20 16 13 50 79 6 55 26 67 25 89 39 10 33 0 97 81 46 30 52 85 10 21 73 10 81 77 46 16 30 59 68 43 43 15 80 96 81 57 51 8 56 51 55 
97 26 35 51 39 62 83 44 73 38 0 5 31 2 78 51 71 41 80 10 3 58 36 40 64 39 58 35 37 61 90 81 93 41 63 2 43 85 89 74 83 17 29 47 17 80 32 85 78 90 45 40 28 92 7 94 19 38 6 58 77 23 45 92 69 86 56 30 32 80 22 50 52 97 94 81 18 48 37 47 61 21 75 23 43 37 76 26 32 49 17 32 45 22 71 79 38 13 82 22 
43 33 1 0 23 38 73 53 46 96 39 56 90 63 23 99 92 82 3 40 52 21 71 76 12 63 74 89 88 87 73 68 67 67 66 35 49 74 48 83 70 83 33 85 71 15 4 40 46 41 36 91 34 12 12 75 75 17 73 87 46 47 65 26 17 23 1 56 22 23 29 61 14 54 31 27 84 25 33 58 98 93 35 56 75 28 88 89 89 44 36 93 81 50 22 25 69 47 42 84 
41 45 94 45 61 55 57 59 86 86 28 32 99 7 8 99 42 17 7 10 31 5 47 11 68 90 76 97 82 38 73 57 79 10 22 97 52 57 23 80 72 69 68 79 90 85 15 68 48 74 14 2 5 50 74 0 24 45 55 9 13 28 27 99 83 4 53 47 14 61 17 76 80 54 65 19 7 22 97 99 8 71 15 64 66 30 65 6 72 3 92 35 5 10 86 60 10 18 62 64 
72 62 15 85 19 69 30 8 1 38 76 15 83 24 20 98 67 18 52 59 9 63 77 13 59 3 47 2 51 29 55 19 38 16 37 97 75 19 77 38 56 22 25 58 37 30 99 46 47 52 47 44 43 1 40 88 34 24 59 46 79 84 7 54 43 7 23 57 72 19 81 40 41 49 65 22 9 28 26 81 71 31 14 65 81 5 71 76 47 79 80 29 1 47 54 11 51 48 93 96 
78 98 50 11 52 27 66 24 80 2 71 82 94 15 97 13 79 43 32 92 38 42 92 76 70 58 69 71 44 82 16 0 95 27 25 88 40 61 14 63 37 49 72 67 61 25 25 98 99 28 10 58 70 12 85 98 42 70 50 86 63 41 42 35 74 58 80 8 82 10 8 61 9 76 95 18 75 44 36 18 70 48 28 28 99 50 5 93 16 78 2 8 7 58 40 63 69 51 20 14 
46 2 67 60 64 3 78 92 29 16 60 22 3 69 76 99 2 11 7 47 97 91 25 92 29 24 59 89 72 15 17 85 19 90 57 22 77 58 52 13 43 82 67 82 80 73 41 99 51 79 99 62 32 27 20 68 12 91 29 12 21 1 40 32 17 53 93 56 32 86 17 9 56 9 83 18 89 83 75 60 38 67 37 63 74 20 49 62 90 44 68 83 25 37 59 76 81 35 71 1 
