14 97 62 7 17 81 39 32 66 32 63 29 1 90 34 79 50 92 73 72 58 55 97 9 32 65 67 46 15 87 9 33 88 23 70 99 95 11 38 83 54 94 28 52 88 0 83 37 67 68 14 35 33 19 35 76 69 50 91 13 13 32 52 9 66 35 2 83 18 0 30 12 37 53 8 26 43 42 16 52 73 94 84 27 42 95 40 48 52 20 58 20 75 2 34 84 1 73 68 32 
26 93 73 34 26 20 20 87 49 98 86 98 71 18 40 72 0 58 11 15 33 10 87 5 44 89 1 27 84 90 71 91 81 61 10 18 82 56 82 74 43 43 91 36 73 29 68 65 16 9 95 55 37 1 96 9 56 86 7 90 80 80 15 37 68 72 97 16 96 95 75 33 57 13 13 78 32 62 21 72 22 47 62 65 0 52 32 44 69 40 62 13 60 86 36 21 66 55 73 36 
9 19 52 74 42 72 15 23 40 29 88 91 37 64 23 28 25 99 43 89 96 31 84 55 73 57 70 30 5 64 60 38 96 20 55 14 74 49 44 93 64 23 83 95 10 49 6 50 96 91 45 30 80 0 79 61 39 59 17 83 13 54 29 70 10 36 34 5 58 96 62 90 13 79 60 24 8 48 59 86 3 86 82 21 15 82 34 67 17 67 45 9 3 2 32 63 43 81 67 2 
18 63 80 43 67 45 65 89 60 76 6 11 71 58 66 51 21 5 49 89 12 66 18 68 15 18 37 38 26 51 32 99 69 60 26 96 81 46 16 36 49 66 59 22 7 87 74 48 11 30 44 67 63 54 68 60 44 37 97 67 99 16 72 22 84 94 72 48 51 53 92 83 52 88 11 3 85 36 16 7 20 7 51 25 55 9 92 85 46 87 42 78 80 58 95 4 62 30 78 17 
14 46 5 15 0 37 32 89 89 41 33 30 74 87 86 42 11 51 16 14 31 65 89 14 18 8 77 45 56 31 84 41 82 53 35 88 82 33 15 70 80 54 66 51 22 75 13 15 96 78 5 24 0 54 71 9 80 3 90 85 45 53 46 45 70 47 26 29 46 97 65 52 90 4 89 11 71 45 12 96 13 36 52 23 12 38 30 81 32 94 42 95 30 12 68 41 39 75 86 68 
63 72 68 32 22 30 72 86 86 92 79 57 75 45 47 27 17 26 32 67 50 45 1 20 7 57 70 57 52 66 59 35 94 66 30 26 25 16 21 20 22 12 95 54 70 71 52 20 55 89 51 95 19 60 75 77 23 27 89 80 86 59 85 67 90 16 1 34 86 27 38 28 57 94 82 30 89 28 54 53 23 59 85 40 31 28 64 11 55 58 75 12 85 38 72 36 96 17 51 43 
66 70 26 64 27 85 85 50 1 4 45 20 77 33 40 68 17 76 36 13 98 15 30 11 4 63 56 50 43 61 62 63 68 61 52 82 93 65 97 98 45 1 44 11 60 30 42 29 81 80 59 38 45 21 68 86 71 11 78 20 24 69 0 52 33 68 50 39 7 39 56 10 38 97 73 91 77 2 98 28 5 61 2 45 71 64 23 1 23 65 72 27 19 20 48 27 81 64 87 30 
8 74 88 42 36 51 19 23 87 62 64 89 7 14 59 31 49 93 41 71 68 21 43 24 67 90 34 20 31 36 59 21 97 98 28 38 2 64 34 81 39 81 76 88 15 16 96 28 39 15 20 34 57 20 24 28 29 51 6 18 84 85 30 10 29 72 99 25 72 83 34 35 45 95 58 88 66 21 43 72 60 2 3 44 47 17 50 34 60 36 24 27 11 50 96 71 17 43 3 20 
59 32 3 26 32 0 10 7 99 95 30 3 85 55 86 78 70 40 52 1 37 4 68 41 25 19 85 74 64 59 27 27 79 83 57 34 24 21 52 47 99 13 16 60 81 33 44 64 65 66 96 56 59 44 94 73 77 28 26 31 67 96 71 98 27 17 77 75 2 77 84 65 22 0 60 56 5 24 71 49 8 50 13 4 55 38 46 23 96 18 9 56 10 23 51 76 0 25 41 65 
70 49 90 69 31 19 24 7 4 12 6 39 24 20 99 45 36 32 49 75 81 80 95 32 68 3 67 59 41 47 30 27 19 11 35 22 99 50 31 29 15 10 41 84 37 56 13 19 11 34 41 68 77 46 73 10 42 97 99 57 95 64 57 18 38 69 65 5 69 82 5 46 33 89 81 29 82 11 53 70 44 75 11 95 96 29 33 79 87 24 11 7 86 35 28 98 66 19 45 23 
62 81 34 46 79 86 80 34 68 20 10 41 54 51 32 68 29 84 97 35 20 0 83 29 73 68 21 67 72 55 20 62 70 62 74 24 29 95 75 11 10 92 44 18 54 54 54 51 73 47 87 38 12 1 76 98 29 12 78 25 44 99 52 31 28 46 45 77 14 74 18 63 33 50 12 83 11 69 83 64 99 31 21 51 24 32 32 8 61 94 73 7 97 99 83 89 76 71 99 5 
27 43 14 44 65 94 4 60 54 42 34 43 84 59 86 47 43 60 12 5 21 22 77 55 68 33 40 22 95 48 57 80 15 80 9 60 45 4 41 7 30 84 74 79 79 35 65 95 47 45 93 22 67 13 30 43 20 75 63 92 9 69 65 5 19 63 73 4 17 69 11 19 48 60 89 17 45 72 44 37 1 12 62 15 65 30 67 20 6 56 43 24 13 71 76 94 66 28 84 56 
34 24 71 59 72 72 6 21 50 28 70 17 31 76 58 88 19 13 62 1 1 41 54 22 12 1 39 89 77 5 8 15 56 17 35 96 57 11 9 7 65 74 91 17 53 49 7 0 10 14 46 72 74 17 15 50 50 19 32 75 64 88 92 3 82 37 25 34 84 98 58 47 39 91 87 87 6 40 44 64 26 98 55 23 80 4 66 51 10 62 5 36 26 97 63 90 53 55 55 81 
20 16 33 28 59 73 6 80 87 16 88 48 26 72 90 12 72 46 23 26 84 77 33 95 23 82 67 69 53 51 11 12 62 73 26 63 90 91 25 57 16 41 9 36 46 57 13 1 86 88 58 96 73 60 95 78 5 21 95 52 33 50 72 9 57 9 49 80 99 94 86 39 36 71 58 32 96 15 25 54 85 97 19 99 17 16 69 79 9 17 91 70 57 91 85 22 50 57 26 95 
99 40 34 93 51 27 67 64 58 93 54 41 90 70 43 95 95 60 30 63 2 7 79 45 30 86 32 36 73 80 66 44 6 39 77 85 54 24 20 75 88 8 65 32 12 65 40 30 64 20 86 66 70 49 31 43 96 31 56 43 81 99 23 82 79 7 24 17 93 71 13 62 19 62 48 37 20 5 43 34 83 36 9 23 25 2 71 93 70 31 1 66 54 64 38 19 14 70 45 63 
75 71 62 45 54 30 69 98 37 3 1 28 57 25 39 44 4 83 3 71 13 33 79 3 97 57 64 49 88 2 46 64 33 88 28 28 6 68 82 95 16 69 72 16 61 50 48 71 31 38 16 41 24 34 62 52 6 50 3 53 13 91 65 31 54 50 21 35 95 77 49 82 60 74 38 90 12 52 40 53 25 74 8 54 8 5 94 50 64 45 45 34 8 95 40 50 83 14 70 41 
80 0 24 10 71 86 58 62 70 14 83 6 27 27 68 48 13 30 48 33 16 72 21 14 70 24 6 3 24 59 84 79 30 61 33 70 66 29 71 27 30 68 13 18 32 62 61 45 94 5 26 45 94 90 14 31 67 65 95 47 4 65 21 97 16 60 95 87 59 96 39 7 1 54 31 77 33 70 37 90 43 35 37 61 89 20 26 82 74 79 42 38 71 5 55 35 91 78 98 93 
86 35 1 68 26 93 35 42 73 35 62 11 65 7 82 67 81 41 4 79 7 77 13 4 71 46 8 13 75 6 30 20 74 92 13 71 26 48 58 78 57 10 83 91 36 17 31 9 11 29 12 90 59 11 7 45 65 16 54 75 31 77 7 3 72 73 79 55 64 95 65 17 13 34 27 68 39 6 18 12 7 89 62 3 26 13 52 60 80 40 12 48 63 74 81 16 56 13 55 22 
73 91 50 27 24 47 76 96 99 93 77 63 56 19 82 21 47 60 12 18 26 1 85 85 84 53 36 33 57 77 41 86 61 63 11 48 66 46 57 84 80 42 42 92 67 14 16 42 35 39 16 63 7 15 27 18 10 18 52 99 31 19 25 16 79 59 7 87 5 93 78 96 85 30 75 93 75 95 92 8 41 83 22 3 20 86 37 39 68 18 13 97 91 62 39 36 84 64 66 57 
30 11 99 11 30 76 42 4 73 12 50 19 94 3 59 18 81 55 99 87 91 44 64 45 73 83 99 22 71 81 79 6 24 81 28 35 68 12 6 23 9 76 83 29 62 87 15 91 1 49 45 92 18 36 83 65 40 60 73 70 81 18 72 86 89 17 89 18 91 15 95 58 22 27 29 77 84 35 19 76 44 97 23 0 98 7 83 47 9 96 74 59 89 99 68 49 53 90 86 37 
2 71 69 87 76 34 9 54 44 28 57 27 4 50 98 80 19 52 41 85 24 23 96 62 16 93 23 22 37 36 75 20 74 51 56 21 92 56 64 73 32 53 19 5 58 24 12 88 76 44 63 44 48 34 89 31 89 11 57 31 17 52 24 47 26 60 80 7 50 53 44 30 9 46 91 37 81 63 30 95 38 65 63 91 73 16 11 42 41 10 26 6 92 93 90 53 11 92 65 34 
81 10 55 13 82 20 63 25 67 72 60 31 48 9 76 96 12 85 40 23 48 24 15 16 86 80 3 24 28 46 35 22 82 6 12 89 61 97 50 67 68 50 31 74 58 51 77 33 5 54 35 21 89 36 74 60 17 91 85 34 83 66 47 94 1 17 14 20 30 84 72 36 97 25 81 93 94 76 72 11 79 94 3 5 21 35 56 16 87 4 30 76 49 77 19 16 13 12 47 48 
50 58 12 40 86 86 4 72 18 43 64 10 55 37 2 95 39 59 9 58 60 55 24 30 16 14 40 82 14 90 42 70 20 45 52 59 26 52 70 87 70 96 89 46 40 47 39 31 16 87 50 99 57 6 29 95 44 89 63 29 61 75 11 38 82 48 7 5 34 99 69 61 31 51 15 6 3 49 66 41 59 79 25 55 21 87 59 93 96 27 70 93 66 23 50 87 49 84 57 61 
81 4 72 75 21 9 78 12 3 90 23 5 57 8 48 46 54 17 41 94 49 99 15 82 32 15 39 75 43 76 82 84 32 66 31 29 35 41 42 54 53 55 94 54 66 85 30 92 13 45 55 23 51 49 45 72 88 62 38 76 60 32 27 62 74 49 49 7 73 36 75 97 61 47 83 9 53 74 82 20 16 50 92 28 56 6 7 10 81 69 23 23 4 32 34 23 84 77 76 81 
13 57 74 5 54 70 38 78 90 11 50 24 3 68 62 72 27 5 51 81 56 3 18 96 50 37 48 31 98 71 47 11 68 48 1 45 21 56 96 85 26 81 73 70 2 36 88 9 2 62 88 37 45 24 99 66 50 54 9 49 7 78 42 40 33 29 53 91 73 62 35 41 49 44 27 90 35 12 46 41 90 70 98 34 71 88 23 55 29 99 26 50 96 7 62 1 2 33 59 81 
43 43 20 16 19 6 84 58 17 54 57 61 42 99 57 32 78 16 60 69 19 69 69 7 4 29 17 78 79 71 77 96 58 79 0 24 6 85 52 81 46 14 91 81 19 36 9 58 8 51 0 41 59 67 48 25 96 8 72 7 13 63 1 80 35 15 1 38 21 76 35 2 82 71 37 29 16 70 62 81 18 33 77 15 30 13 97 87 59 4 3 48 88 78 53 84 46 22 37 18 
14 88 37 2 79 65 63 24 10 11 24 2 31 99 45 63 51 4 54 40 42 6 39 76 31 59 95 98 22 32 98 39 41 3 26 65 74 32 22 72 12 74 35 58 52 12 38 36 19 47 54 3 45 65 54 56 43 30 46 76 51 6 30 35 36 19 38 43 2 37 44 59 11 55 67 92 52 96 74 44 1 26 65 29 95 89 41 72 31 91 29 79 79 67 56 56 68 80 42 27 
48 3 51 30 3 27 93 15 53 71 52 81 74 74 86 46 76 87 9 92 44 23 98 3 75 63 16 71 88 68 0 43 27 18 69 49 55 77 79 42 3 86 52 92 22 97 51 14 97 26 77 8 6 50 72 48 66 42 65 40 45 86 81 21 9 63 16 31 44 65 99 90 7 85 6 81 32 18 91 29 58 98 52 28 44 38 71 81 34 77 77 39 70 71 82 26 22 81 19 14 
85 68 83 47 61 34 58 31 72 34 2 26 78 32 56 47 98 37 11 12 55 4 71 95 29 12 98 94 15 76 25 84 39 37 1 37 84 3 72 52 80 87 48 10 74 75 24 82 77 70 76 79 62 81 51 30 30 10 24 64 0 80 28 86 1 4 19 19 89 83 24 34 65 0 90 53 82 75 8 69 1 41 15 95 75 38 34 42 58 73 90 78 72 90 71 16 44 78 67 59 
75 30 6 26 18 37 22 67 29 8 76 96 61 99 74 44 9 90 22 56 69 23 87 46 92 26 46 53 16 78 44 23 67 61 62 60 97 11 1 64 67 43 12 38 58 35 2 41 32 21 96 16 94 94 42 85 3 2 93 67 0 4 78 12 49 87 16 20 70 9 23 27 73 43 80 57 63 22 43 44 74 4 24 81 2 97 45 47 46 68 4 80 25 65 65 2 24 81 41 13 
78 0 9 9 79 69 96 35 61 6 10 7 52 78 19 69 40 21 55 84 49 27 51 33 26 16 65 32 92 77 23 64 37 26 17 66 76 39 88 37 4 17 77 95 9 39 43 14 61 33 60 87 63 15 54 86 12 57 6 52 7 37 4 54 70 45 1 58 77 72 72 55 87 59 90 36 11 16 78 73 25 13 80 17 64 61 86 87 62 64 44 8 78 21 34 76 6 61 15 81 
89 73 40 92 14 82 56 97 14 28 82 18 63 17 71 74 21 56 29 71 37 94 39 53 44 43 51 53 84 48 81 31 73 84 37 46 95 80 14 84 99 59 1 12 51 82 86 54 90 53 20 24 64 82 47 43 94 53 37 88 81 36 50 79 17 4 21 27 47 28 38 35 38 86 57 37 38 19 7 97 86 30 44 20 16 4 24 2 47 27 62 4 16 56 6 94 28 93 2 4 
29 43 99 27 26 16 96 91 80 21 87 75 82 97 31 52 37 53 23 25 77 31 73 46 14 93 33 20 43 76 2 97 71 20 69 40 16 81 73 31 4 90 75 95 74 58 31 0 46 96 66 10 80 99 2 46 11 2 78 1 85 68 63 10 13 67 16 90 83 10 60 97 83 76 85 74 81 11 43 63 36 46 70 91 81 22 29 20 78 55 59 84 70 81 3 38 36 37 76 97 
96 94 45 81 61 35 67 92 47 14 42 95 74 61 88 5 24 89 18 4 96 32 55 87 72 56 64 94 60 24 17 48 47 17 0 30 20 73 31 37 9 22 62 34 33 43 71 27 12 15 45 21 56 94 11 96 85 95 97 43 12 75 71 4 15 91 77 45 55 4 59 61 23 20 10 73 96 7 98 67 38 76 74 16 51 12 73 36 97 29 70 2 60 71 38 93 40 25 44 47 
64 24 93 59 40 15 82 92 84 46 55 39 90 12 45 17 52 3 18 67 21 47 35 14 14 46 82 47 19 22 53 38 88 35 11 24 65 47 18 87 61 63 21 61 38 88 18 8 4 58 54 85 25 71 92 34 23 75 99 65 40 79 68 14 6 55 88 88 29 16 42 77 62 38 7 15 85 67 33 57 22 53 26 57 32 12 89 73 78 14 86 89 78 54 42 53 75 79 32 87 
21 51 30 35 64 0 95 61 85 37 47 87 32 68 4 84 62 83 58 64 77 60 69 25 38 1 1 53 54 12 83 57 85 75 2 17 86 20 92 25 87 51 66 40 67 0 97 42 21 50 11 59 56 92 78 50 75 36 94 99 80 73 81 73 56 73 30 35 53 46 10 33 58 52 43 10 65 56 10 71 38 16 80 62 96 30 35 12 74 33 18 99 64 22 62 13 94 24 2 21 
64 74 25 55 30 16 83 14 74 52 14 51 72 38 74 29 49 43 2 95 43 66 48 9 55 67 98 55 84 0 87 91 92 9 10 57 21 44 37 51 13 21 44 97 65 6 55 3 74 74 66 18 77 67 11 73 45 61 93 52 66 73 67 48 84 2 71 44 73 67 40 11 79 33 38 27 53 35 64 17 40 47 18 74 33 62 85 90 97 67 79 24 39 72 80 17 61 82 81 59 
86 9 42 0 40 11 95 63 33 37 94 88 54 63 48 19 86 41 93 78 20 25 93 58 24 88 72 74 19 87 44 12 17 91 10 47 71 16 83 30 53 17 51 49 65 32 7 53 9 55 42 7 57 24 97 15 1 77 45 83 57 39 65 53 81 92 24 64 88 58 33 56 56 78 93 27 28 49 83 40 61 49 22 34 97 59 29 28 4 84 9 91 56 98 78 31 52 24 47 55 
84 24 11 4 39 12 91 97 8 79 28 84 91 62 4 34 99 6 47 91 32 88 30 72 95 6 53 34 55 55 61 36 55 79 80 44 25 11 64 86 41 72 26 56 42 30 8 9 0 22 85 40 67 25 51 44 67 17 88 54 80 86 93 82 72 98 37 10 63 28 50 79 38 19 93 65 79 49 6 37 40 2 69 85 18 27 36 84 3 27 17 83 3 76 88 55 16 69 76 11 
20 43 36 44 84 21 77 23 90 44 14 23 70 58 29 64 84 55 24 56 76 78 39 52 24 82 4 97 6 92 90 23 61 94 54 69 38 28 94 14 22 66 33 23 46 79 56 91 22 0 77 40 30 24 49 94 70 19 82 76 3 44 39 93 2 87 88 97 33 66 25 86 12 64 13 81 98 96 78 12 11 43 2 71 20 64 45 13 21 31 82 78 39 48 16 39 18 85 70 90 
76 39 80 62 87 44 87 57 31 89 50 12 24 63 55 38 7 75 22 13 18 58 77 10 25 4 11 43 78 81 48 94 16 61 4 67 32 80 67 34 92 79 66 46 88 0 77 81 90 12 40 6 25 37 21 27 41 57 45 66 5 61 86 78 5 62 74 61 90 36 86 81 31 68 45 40 24 54 86 64 78 39 59 3 29 27 51 78 45 30 11 64 12 7 28 30 74 46 1 76 
94 3 86 86 8 3 11 52 40 90 55 31 22 68 71 53 75 20 56 59 98 23 92 33 38 31 39 89 91 95 24 44 67 36 65 25 24 37 17 79 3 63 36 18 43 56 68 76 30 69 39 22 7 53 11 72 12 4 93 85 2 7 85 36 23 54 98 58 55 76 81 57 38 93 30 44 72 2 39 60 23 85 47 38 13 39 18 83 22 90 83 96 20 86 23 94 67 98 76 32 
12 31 88 22 92 61 87 18 14 87 6 29 1 44 50 65 39 21 0 4 75 85 86 23 40 82 9 92 93 42 77 16 56 94 90 45 38 42 9 64 13 97 90 78 41 51 31 81 75 44 5 76 7 46 56 54 60 61 81 11 89 54 56 99 78 2 4 4 39 72 74 98 56 38 12 5 7 0 85 83 21 66 48 11 75 56 35 93 84 94 10 66 30 92 85 50 51 2 76 45 
48 84 16 83 68 22 90 12 18 54 62 87 50 94 47 56 63 27 78 99 93 2 28 11 85 18 20 68 86 86 56 85 77 1 46 9 48 71 10 36 90 98 25 96 46 5 13 29 42 99 20 21 75 80 39 0 10 79 65 96 0 59 22 40 25 47 59 46 73 23 22 17 25 82 50 4 96 29 59 84 9 41 51 56 89 4 75 94 88 24 72 69 52 36 20 1 85 71 1 19 
22 26 8 66 48 49 33 49 61 1 31 10 52 17 38 89 39 94 0 53 23 59 9 72 76 77 60 94 40 48 31 76 52 38 50 97 14 72 83 64 13 5 70 3 82 49 65 95 67 15 15 45 80 54 96 45 9 87 88 45 63 86 57 13 91 29 62 92 61 49 58 97 94 70 56 90 99 27 0 97 86 74 14 2 79 41 29 16 69 17 11 87 17 49 39 49 10 82 23 4 
57 10 99 83 55 31 62 73 64 62 23 38 59 95 26 95 63 43 61 60 40 59 69 88 91 2 81 57 86 90 13 25 91 11 62 80 22 9 94 86 93 31 34 19 12 43 80 33 69 48 86 79 53 21 6 52 96 32 7 93 2 24 8 78 11 2 88 94 60 30 61 38 93 4 45 24 17 61 70 28 21 4 17 91 77 88 90 86 1 92 21 69 19 0 84 29 84 29 95 22 
8 68 0 69 29 47 53 57 87 37 54 60 70 56 87 33 56 87 29 36 34 60 44 17 68 78 17 72 43 0 89 12 46 75 50 91 57 20 68 42 10 72 90 45 52 7 2 65 37 27 59 48 42 79 78 85 22 67 15 48 3 81 20 32 96 77 46 55 51 78 51 22 9 45 4 38 36 89 60 30 80 91 16 71 70 82 40 12 28 82 18 25 77 6 90 69 84 20 58 11 
86 37 79 62 89 44 83 29 42 31 68 94 51 43 68 24 45 67 67 55 7 52 99 79 28 31 18 33 14 87 53 81 20 73 10 79 53 38 51 76 81 20 49 39 19 59 16 69 60 93 5 22 55 15 92 21 81 42 68 82 27 75 99 90 70 63 50 6 54 6 91 44 90 76 13 6 66 24 26 60 58 80 88 45 7 93 38 0 20 89 19 65 75 27 60 65 11 70 89 38 
11 4 61 32 60 75 15 15 80 37 32 62 44 8 63 39 72 82 38 1 80 79 73 14 13 63 67 72 44 58 33 82 89 68 44 10 44 26 59 46 53 38 60 75 46 22 25 42 1 20 26 10 25 85 73 84 73 79 19 77 20 83 69 33 60 47 24 16 49 28 33 26 20 84 12 35 47 58 20 40 51 97 4 83 9 70 15 49 61 56 45 86 24 98 0 8 99 64 18 91 
8 14 73 9 57 6 78 78 55 50 43 78 53 41 71 50 41 62 43 67 86 77 38 69 91 51 44 43 59 56 8 83 9 71 63 93 13 80 24 47 40 24 70 84 12 62 90 73 24 17 50 19 39 11 94 39 82 12 4 26 99 37 7 40 63 55 39 71 80 95 41 55 19 35 93 6 76 46 59 85 80 84 10 37 78 68 37 7 17 55 28 64 52 2 31 46 11 10 18 19 
85 17 21 51 79 36 20 79 96 92 9 90 93 74 48 73 3 3 28 59 3 75 48 55 57 52 25 88 44 81 62 96 69 25 87 16 54 2 7 24 1 45 68 28 4 95 4 98 91 49 89 13 8 32 48 77 63 5 99 91 83 71 20 56 75 40 33 73 72 41 94 85 58 24 28 7 41 80 67 41 90 20 78 90 90 47 89 67 58 88 31 52 67 44 57 29 56 32 46 81 
54 53 69 86 76 97 85 74 59 92 7 79 55 71 81 86 26 67 17 45 37 5 95 64 65 61 83 40 40 44 14 99 76 3 68 79 2 40 63 11 3 87 78 41 51 70 88 61 59 5 61 86 36 41 1 98 33 41 60 29 26 69 26 24 37 14 12 60 29 10 18 36 8 18 82 50 81 29 85 46 15 95 29 16 33 54 23 89 18 36 98 91 22 73 32 24 62 70 99 52 
84 74 10 38 67 32 5 73 58 9 90 46 82 8 18 81 77 23 67 44 24 23 91 76 77 70 85 67 66 88 51 28 8 77 91 8 31 37 46 69 65 42 22 30 1 1 66 18 27 61 4 72 49 41 78 14 79 20 1 28 54 7 62 48 45 9 86 76 5 2 20 83 95 10 97 40 76 31 99 43 48 98 38 21 42 22 83 62 91 58 65 85 57 31 86 92 46 73 45 4 
57 26 93 11 84 39 31 88 30 51 55 32 79 9 5 7 50 30 14 28 50 64 91 80 92 25 49 91 4 14 90 29 38 1 80 5 3 64 72 20 12 37 24 76 34 47 41 49 3 54 22 36 67 98 61 98 7 16 33 35 86 90 3 87 97 47 41 1 1 70 32 22 61 31 41 56 65 7 46 68 61 13 81 1 27 65 85 91 1 24 33 94 1 71 70 18 37 49 88 54 
65 12 27 48 74 35 62 69 2 65 88 25 73 52 11 88 90 12 13 14 98 66 61 93 28 4 5 33 83 14 17 9 92 98 65 52 70 76 54 68 10 73 31 14 11 14 78 54 19 67 52 93 84 17 40 80 24 14 58 14 54 15 4 62 85 8 26 30 30 83 35 60 36 64 7 99 38 99 67 1 55 34 13 22 28 85 16 51 85 39 8 43 59 87 6 61 21 39 18 12 
22 39 72 68 93 13 45 18 6 39 10 89 13 30 6 66 65 34 12 25 46 95 3 5 29 22 97 78 83 94 50 65 69 60 13 3 40 40 75 41 29 27 91 32 82 18 6 61 13 29 0 7 20 40 19 24 89 44 2 32 32 25 28 56 56 86 91 66 39 14 58 42 72 82 7 28 53 35 17 10 84 25 5 89 90 80 35 28 51 38 26 1 64 93 94 58 90 90 84 5 
62 42 55 31 30 52 36 63 99 0 15 55 83 39 97 15 81 30 61 8 86 15 87 79 86 5 18 83 36 35 89 60 22 48 56 56 17 82 76 7 95 73 36 6 66 17 61 49 92 19 73 1 55 83 27 47 47 45 6 6 13 18 50 55 39 65 23 35 41 75 37 84 26 30 84 76 52 1 37 75 64 85 77 7 77 11 60 40 30 42 92 13 70 89 96 65 72 4 43 23 
67 31 13 76 48 56 95 17 81 27 6 64 76 46 46 66 29 62 24 48 0 39 14 54 75 2 33 55 54 21 39 39 15 11 47 77 60 14 6 81 87 89 38 37 17 30 20 18 78 28 2 9 25 20 39 82 55 33 22 10 28 85 69 80 96 70 94 41 35 45 47 60 56 49 47 74 15 12 4 74 45 62 57 53 79 50 67 25 26 88 4 63 43 75 52 42 15 92 64 2 
84 35 87 9 68 27 99 3 37 76 0 84 82 78 7 58 81 3 30 43 65 1 34 41 86 47 40 57 63 90 12 21 96 50 91 29 60 1 76 7 28 50 77 98 92 19 15 92 53 34 92 0 36 68 15 51 22 37 85 60 93 3 10 37 30 98 89 16 27 17 5 24 71 79 72 69 4 22 93 77 28 72 53 63 63 43 5 56 55 26 39 25 45 99 78 84 23 33 79 42 
19 79 65 40 23 46 83 57 5 53 37 51 9 31 5 69 24 16 71 5 28 5 18 26 50 6 52 44 15 53 87 43 45 17 86 0 15 15 12 85 72 39 23 8 77 94 12 94 26 30 1 34 94 79 38 76 64 53 84 86 57 38 43 94 71 61 43 32 20 30 54 54 72 69 79 26 83 97 34 46 27 62 27 99 44 27 80 90 68 55 42 34 37 6 6 76 21 98 60 16 
18 44 41 97 66 57 46 73 56 49 63 5 79 79 33 39 79 9 22 54 98 28 74 96 21 91 36 69 6 81 81 23 28 89 36 80 33 85 46 67 96 73 60 54 27 13 51 20 38 29 45 87 81 13 49 68 78 72 57 25 35 84 94 6 43 75 1 80 14 57 56 15 78 70 79 15 3 24 29 52 70 4 94 48 70 49 77 65 23 6 24 64 0 18 39 41 98 56 63 36 
73 8 29 8 50 82 78 74 30 65 31 40 95 93 11 66 40 65 56 24 74 24 95 77 20 80 36 56 70 31 14 98 97 66 3 23 69 3 79 92 89 51 69 36 44 36 6 69 24 55 32 65 55 74 26 26 71 36 58 63 38 81 82 12 99 55 0 28 99 65 36 64 20 59 71 15 49 82 21 92 78 9 67 64 35 12 67 73 23 9 55 98 95 24 23 31 78 28 86 39 
43 82 3 56 49 27 82 71 92 26 62 5 17 7 3 49 90 7 7 19 29 83 28 80 36 30 94 43 63 63 47 27 46 44 30 2 99 89 92 50 18 8 36 50 78 27 34 99 99 6 62 67 76 7 30 50 66 11 49 8 1 39 50 18 28 54 4 7 44 5 79 53 58 44 15 68 24 43 99 51 18 34 52 59 97 56 59 68 65 90 45 17 69 21 10 54 12 93 41 47 
53 65 97 0 37 67 34 39 8 86 89 58 45 25 58 69 59 66 97 14 48 35 35 39 31 11 93 68 66 52 57 66 49 19 56 31 34 81 99 47 5 89 78 93 82 29 30 11 48 70 75 87 12 58 69 6 74 32 46 76 99 35 64 44 17 47 74 37 59 40 77 43 16 71 21 51 41 6 14 99 72 91 72 41 88 52 1 90 79 73 97 81 23 90 46 0 28 87 93 31 
64 6 36 85 0 84 86 11 71 90 56 53 36 53 50 46 17 20 13 63 49 49 26 73 61 78 47 19 11 9 28 82 15 22 76 95 38 76 29 40 67 99 70 31 64 5 88 63 14 74 23 5 9 4 93 62 42 34 11 61 21 44 51 71 9 40 62 6 70 56 50 91 26 92 99 87 3 21 10 72 68 43 78 27 78 42 74 45 1 43 50 50 3 81 10 41 56 93 24 46 
23 23 66 4 24 10 86 87 30 12 60 69 75 93 25 46 65 32 61 38 83 31 40 86 25 75 9 47 8 56 27 18 54 10 11 3 40 32 9 25 72 39 62 5 38 75 10 50 70 33 95 8 40 72 58 64 46 38 60 68 21 50 0 60 38 7 34 35 95 22 7 6 86 68 88 21 2 82 80 27 80 2 66 13 95 82 74 58 82 14 95 37 58 41 37 14 12 4 32 34 
84 85 20 65 84 86 30 73 82 20 43 37 75 89 12 59 80 56 30 38 43 40 62 70 91 71 31 89 67 81 83 14 44 71 88 12 33 45 56 73 7 36 11 75 28 76 55 11 69 66 64 81 23 47 89 39 33 0 43 1 20 80 52 52 51 79 83 89 25 26 22 53 72 59 24 74 67 67 64 49 75 64 14 98 10 96 89 68 36 22 96 33 42 7 84 68 56 46 41 45 
13 68 65 61 54 95 58 71 43 32 92 9 85 14 82 7 53 41 20 32 59 19 81 39 35 62 70 78 47 58 98 28 5 40 99 68 64 95 53 35 33 69 74 11 29 57 6 22 19 0 27 32 71 46 56 41 16 71 53 9 93 46 91 94 64 40 94 99 23 52 14 9 37 33 25 62 39 45 85 68 69 17 67 49 47 72 72 0 99 24 91 14 98 50 18 62 79 58 32 30 
95 76 11 72 10 81 47 91 60 40 87 37 55 62 14 20 0 8 21 80 20 73 27 29 41 59 12 30 30 18 79 57 47 50 49 71 36 92 19 10 7 20 44 21 16 5 58 68 21 46 19 45 38 92 13 14 43 68 74 92 88 30 81 63 56 70 97 23 20 42 73 55 6 4 20 20 53 42 70 36 39 87 86 66 38 91 89 77 32 53 66 45 77 72 36 18 37 45 89 16 
90 36 21 45 86 57 79 65 53 27 37 19 26 77 38 81 28 5 43 81 75 35 86 29 18 83 55 44 83 62 59 74 33 4 91 54 54 53 17 97 65 82 65 34 25 79 95 0 71 63 43 44 80 81 60 11 87 28 98 18 25 49 74 24 94 9 95 8 19 19 30 20 25 50 37 49 89 58 69 0 91 55 41 36 64 99 18 5 47 34 8 0 0 51 97 64 72 4 57 52 
72 48 10 46 28 76 21 88 41 96 76 65 1 35 73 10 19 78 87 85 23 89 79 6 24 18 94 60 92 75 21 54 71 54 17 87 58 27 33 22 50 88 28 10 73 51 19 46 72 53 59 68 62 78 18 71 80 53 92 81 6 97 44 98 16 92 44 26 24 67 41 17 87 70 74 93 98 42 80 3 64 32 90 38 1 11 49 84 65 97 55 67 17 10 32 91 16 30 13 84 
62 56 89 19 69 91 88 4 29 48 70 99 70 39 72 51 4 30 77 85 10 72 43 93 89 51 74 58 55 77 82 18 27 47 45 29 84 46 84 36 10 33 50 0 47 43 93 94 54 35 56 70 60 9 16 41 11 47 75 12 20 92 5 49 0 91 17 35 59 39 68 21 4 22 69 31 18 55 9 32 95 21 91 51 62 89 66 57 27 22 53 14 8 43 4 76 20 29 70 44 
30 87 82 27 35 6 85 64 52 0 40 94 60 80 66 64 41 31 49 62 72 61 46 87 58 75 65 66 48 99 46 18 42 85 69 21 20 65 12 94 89 77 38 45 41 64 18 28 92 39 57 76 7 79 5 66 47 79 74 50 72 3 38 35 11 5 64 12 95 44 5 71 44 2 55 24 53 54 29 84 88 21 79 59 48 48 61 42 26 91 82 1 67 33 55 64 97 68 9 12 
87 49 39 61 74 99 44 70 1 25 33 92 73 38 1 70 34 41 0 60 56 91 5 63 1 47 51 89 62 32 75 97 85 15 8 17 6 37 83 26 80 13 44 32 98 21 44 11 97 21 17 84 69 72 59 44 0 27 4 86 49 8 62 19 64 67 47 15 13 31 57 5 79 83 28 3 92 86 29 12 94 48 28 98 40 6 60 59 77 21 33 46 68 45 74 62 93 99 48 15 
70 41 15 55 74 94 96 91 86 58 70 46 37 74 29 38 50 3 20 94 75 99 41 82 7 77 11 49 59 94 11 28 30 36 99 64 32 2 43 2 89 4 21 20 93 16 64 27 86 93 19 67 87 99 50 95 96 43 73 73 15 65 92 56 85 99 59 52 14 87 83 29 80 4 96 12 27 85 93 42 45 79 1 71 36 84 27 67 32 64 92 62 65 19 59 85 2 22 70 46 
35 62 39 84 84 55 45 0 86 54 28 47 30 77 78 30 32 11 24 38 29 70 0 48 72 60 60 88 18 14 75 39 0 99 55 31 97 56 47 70 47 85 25 22 50 16 58 76 43 67 41 34 67 71 94 66 89 84 0 56 16 54 84 63 8 96 87 89 86 23 82 40 42 77 93 39 24 99 18 8 31 32 94 33 38 23 0 54 27 84 21 3 16 70 72 22 80 83 11 63 
64 84 62 98 94 51 54 85 77 47 96 95 41 82 79 32 5 56 16 18 23 47 92 27 48 38 79 84 59 83 47 77 14 44 31 74 15 93 81 70 41 82 34 77 51 22 12 83 72 48 0 39 0 21 26 82 14 39 77 25 50 80 35 11 29 18 65 95 47 46 63 88 87 50 70 30 57 15 54 58 52 55 14 61 43 15 49 70 22 4 70 20 45 87 28 93 8 35 72 60 
79 18 34 88 32 66 74 66 47 89 83 13 33 75 12 4 24 36 75 83 25 6 30 18 95 11 60 75 24 66 28 70 34 46 48 37 27 27 17 33 68 33 92 91 6 22 88 87 6 80 62 35 47 64 25 3 5 57 84 60 56 95 73 33 85 93 40 25 1 8 34 50 20 30 26 26 40 52 97 99 13 12 88 20 51 74 92 27 10 83 69 73 93 50 11 20 3 15 57 58 
89 93 59 6 0 89 75 64 74 63 26 69 23 51 76 60 78 44 29 13 63 87 61 90 31 8 15 81 74 0 69 98 0 47 27 57 24 84 13 9 25 5 97 58 37 81 34 89 39 27 69 23 11 53 94 39 37 16 87 26 82 97 55 91 86 45 70 67 99 17 62 19 48 33 97 33 50 82 50 64 23 22 81 51 23 27 15 39 88 74 29 8 64 81 47 37 2 7 84 31 
26 47 96 37 8 16 10 97 12 27 64 64 57 69 91 30 63 55 19 92 67 55 11 15 52 57 89 58 81 97 1 19 92 35 2 90 41 69 88 21 31 83 28 51 74 25 33 27 78 40 20 52 99 46 99 3 29 88 45 92 58 60 49 33 78 96 47 63 90 48 79 14 4 15 46 75 18 53 66 52 81 83 77 64 47 75 91 0 40 70 23 1 50 83 92 14 55 10 21 56 
8 25 99 56 23 46 2 73 72 97 17 12 67 75 34 56 52 55 21 1 20 23 19 63 72 99 54 38 84 22 55 93 22 13 65 63 99 96 32 1 56 13 16 82 61 40 51 8 26 37 52 43 94 32 5 11 89 50 32 52 17 63 65 13 29 39 87 83 68 77 84 35 71 66 54 47 78 94 0 23 88 85 12 58 78 8 42 64 65 94 80 74 29 1 19 82 4 75 78 7 
60 34 90 3 21 4 55 91 87 82 73 90 98 79 64 90 43 24 0 28 43 31 91 22 53 60 65 10 28 34 51 24 92 34 67 20 18 45 43 33 51 11 42 49 94 72 70 79 21 78 68 61 71 71 54 85 48 61 31 34 57 79 48 30 7 45 41 91 44 59 6 67 23 82 27 96 13 63 21 36 66 4 87 76 6 72 91 23 59 87 98 42 50 14 47 89 71 60 26 68 
98 25 0 19 11 58 0 11 42 65 78 14 55 90 7 37 12 70 24 32 93 46 92 73 11 56 86 1 72 98 16 27 42 0 45 18 50 63 46 94 67 65 63 29 59 86 98 96 92 7 72 75 11 11 58 89 85 32 7 1 27 43 57 64 20 18 93 0 97 81 67 64 20 31 1 37 35 10 78 56 91 45 86 90 0 81 57 36 88 50 85 67 40 40 4 90 14 93 64 1 
67 29 13 98 6 7 12 30 2 33 81 11 61 52 20 47 37 85 27 15 11 95 56 5 38 60 68 43 77 85 75 61 65 46 50 20 37 86 52 36 98 60 22 35 61 6 21 55 90 9 62 46 87 94 24 96 42 71 71 9 8 29 40 87 54 36 60 46 96 35 42 18 23 90 33 61 91 1 73 90 14 75 32 1 56 23 24 55 95 2 20 60 8 37 76 28 55 32 41 39 
44 66 0 45 31 79 94 73 92 40 92 35 62 58 95 39 61 98 94 4 30 7 3 58 24 5 64 0 44 57 71 21 48 72 44 89 35 16 1 38 12 40 22 40 37 67 54 41 26 20 1 29 7 41 24 18 6 2 50 87 56 35 81 62 49 88 24 22 5 51 34 50 38 23 43 59 4 37 61 40 76 28 46 91 5 81 35 3 78 42 80 12 83 14 47 23 94 94 58 55 
69 27 85 83 67 64 35 81 15 64 51 86 15 75 91 18 32 37 72 34 41 56 97 1 43 71 28 16 72 51 25 2 43 81 30 34 2 44 74 2 17 73 78 51 18 59 69 74 49 76 51 19 35 45 13 80 5 13 34 5 47 94 41 45 69 15 29 19 52 25 37 17 10 82 5 29 34 59 76 63 44 62 41 82 7 27 67 82 4 5 56 9 54 39 49 73 14 88 22 5 
37 10 30 60 19 74 84 30 55 60 9 20 96 56 88 34 78 97 37 43 58 10 34 33 5 46 31 74 0 92 34 18 80 51 62 33 64 90 11 19 76 60 62 54 38 77 57 45 11 28 94 99 79 16 25 69 50 20 30 39 40 44 67 32 45 77 74 41 16 68 35 80 69 6 29 45 29 74 97 29 7 35 46 57 4 75 99 93 14 44 22 34 5 23 79 8 10 59 36 96 
40 39 82 85 15 50 0 37 86 89 66 27 10 50 97 63 93 0 41 37 32 11 83 21 91 69 4 94 16 85 54 42 23 31 65 58 98 93 37 82 49 60 78 63 3 45 83 63 61 66 23 85 6 28 53 5 16 51 96 26 54 48 63 26 46 65 45 42 13 81 94 67 49 87 59 49 78 73 9 6 17 41 30 40 20 79 73 58 90 32 21 92 17 91 30 70 45 24 64 35 
25 37 29 82 7 64 19 48 32 29 41 47 24 22 28 59 27 92 81 52 77 4 97 31 76 66 61 60 79 84 79 19 77 94 97 53 34 13 81 45 73 90 12 44 7 0 99 86 55 40 14 34 38 88 91 72 37 1 87 21 32 22 67 98 18 66 50 77 67 85 21 44 44 6 59 19 77 31 77 17 7 10 45 86 53 63 83 63 84 9 72 13 14 1 15 62 35 76 44 85 
33 93 58 69 2 11 44 5 71 60 40 35 92 30 8 90 93 5 37 4 11 41 16 3 54 85 62 54 93 93 95 83 49 8 66 32 39 81 32 34 17 66 87 78 61 41 37 67 54 86 33 46 11 62 83 57 11 31 30 37 64 32 55 41 54 66 32 92 89 66 20 74 66 17 61 64 3 30 66 76 58 39 31 99 58 83 1 45 30 58 54 24 55 81 72 37 17 63 60 71 
31 36 35 65 58 82 24 6 17 61 29 11 78 55 43 21 32 56 98 8 50 10 86 55 55 80 98 45 58 24 67 67 11 99 40 14 62 52 19 32 76 43 57 66 53 59 29 25 85 81 2 90 97 32 94 14 87 10 45 17 24 68 87 73 86 9 61 67 34 51 6 22 92 63 13 78 5 66 97 11 75 71 74 2 23 90 62 80 52 30 62 71 52 8 69 97 55 68 57 6 
54 95 57 47 52 85 27 47 50 20 71 99 41 45 36 98 38 51 22 79 89 76 59 93 1 54 13 66 87 19 52 47 24 97 64 92 80 54 62 49 29 61 92 24 21 39 13 60 7 4 54 93 47 33 81 77 60 76 0 66 29 19 70 80 43 28 99 1 50 56 10 24 38 90 46 15 32 98 62 13 56 7 90 23 45 92 73 49 0 6 92 63 66 3 67 28 61 25 82 34 
31 94 99 51 96 70 7 17 97 77 5 49 65 39 74 57 17 61 9 5 58 2 3 46 25 47 63 18 55 14 86 7 10 41 21 16 52 57 93 28 45 12 96 96 6 12 2 34 60 21 31 15 22 86 59 23 7 11 14 15 92 90 61 84 41 91 32 33 37 4 74 64 47 48 22 53 6 95 19 52 88 3 82 82 39 10 6 21 52 28 4 19 96 34 8 20 20 7 56 27 
80 26 0 99 48 12 34 90 85 91 47 53 49 43 97 77 13 16 66 58 7 13 53 34 49 64 48 24 88 37 50 53 64 27 41 55 99 36 18 77 56 24 32 74 2 62 18 13 9 42 49 64 97 90 78 63 89 19 43 20 21 70 68 77 62 47 76 77 61 69 57 55 51 87 28 67 80 87 80 34 11 91 14 96 17 64 61 20 80 3 43 88 6 41 95 61 6 83 73 97 
34 70 99 3 61 63 9 72 55 26 87 92 30 56 97 94 4 46 51 83 7 49 47 95 68 30 52 6 51 95 76 31 57 75 92 35 3 28 97 48 6 99 75 2 31 28 54 50 1 97 29 33 49 47 98 95 6 30 89 84 9 1 49 83 10 0 84 69 80 59 30 8 53 35 44 57 42 59 89 79 29 87 74 90 39 88 94 26 97 40 24 67 18 19 36 40 19 70 87 91 
93 23 27 85 25 9 26 50 74 94 22 47 44 98 65 77 5 85 78 13 20 44 40 35 3 92 33 83 9 24 13 59 25 84 56 97 58 42 89 39 35 75 21 40 13 25 48 52 94 16 10 36 32 99 84 31 51 92 16 72 19 11 6 33 57 99 37 48 59 65 30 24 23 4 70 31 76 5 98 9 47 88 66 59 61 76 38 8 68 52 41 23 59 89 75 43 57 86 34 32 
45 86 43 75 55 13 69 79 47 89 22 81 59 66 2 1 78 23 13 18 86 67 52 8 77 68 62 88 16 64 31 27 40 93 93 94 9 93 67 98 47 69 66 36 87 13 94 67 27 1 89 17 30 26 38 78 34 64 40 71 51 38 92 30 6 87 9 91 57 96 26 50 39 54 33 10 43 17 62 81 58 80 10 33 80 47 37 79 30 35 18 65 37 46 97 93 86 75 81 8 
55 6 95 25 57 26 31 78 94 30 46 87 64 79 52 25 39 76 2 37 68 59 30 14 3 87 74 88 54 49 39 62 18 0 3 57 45 16 64 85 32 33 98 85 44 55 91 62 36 21 6 69 29 52 86 94 72 21 3 3 31 74 37 0 54 81 61 6 88 29 68 11 79 65 23 91 36 18 99 44 90 80 0 75 68 76 85 88 89 69 45 17 12 29 1 12 28 81 60 18 
42 19 16 40 36 94 35 40 56 15 52 43 42 55 51 10 46 73 30 49 57 82 74 60 62 70 22 20 28 29 78 56 38 13 38 24 74 21 72 57 57 42 54 3 27 2 45 47 98 63 23 98 37 4 16 50 56 97 52 85 65 47 74 3 16 55 3 87 78 33 48 54 35 8 78 31 2 7 45 83 1 40 31 93 13 40 77 87 11 23 78 35 76 54 51 32 58 98 80 88 
95 86 61 91 57 96 58 13 15 52 35 64 71 82 86 26 24 25 15 97 14 8 90 38 20 91 35 99 14 73 31 24 63 29 93 19 36 2 32 31 5 12 42 22 63 76 52 99 39 87 1 55 30 50 71 61 14 68 65 47 12 20 54 95 6 69 6 8 51 3 34 6 32 92 16 79 78 19 93 78 45 51 54 24 63 99 37 78 33 52 25 74 21 96 47 1 13 46 79 80 
