49 5 23 38 88 91 52 73 20 80 36 16 73 37 88 75 17 4 11 28 5 62 41 18 8 44 35 25 1 95 57 38 74 21 28 71 14 30 21 12 50 24 1 79 91 51 19 73 23 52 19 67 27 38 0 96 56 29 89 47 25 54 67 39 87 60 50 8 18 54 48 86 11 8 50 1 26 46 90 15 94 74 60 42 63 38 25 67 23 2 45 87 16 19 48 68 45 16 4 31 
19 32 77 25 38 48 61 10 20 83 20 41 73 35 67 85 8 29 0 4 81 36 49 6 15 25 78 56 44 27 72 22 58 98 0 9 8 73 11 34 41 12 75 7 9 10 34 98 50 11 26 99 45 46 8 36 17 9 48 89 19 40 65 34 34 47 90 76 73 86 41 40 15 16 38 60 61 19 58 51 35 77 81 63 36 28 62 45 11 30 31 5 14 16 63 91 4 35 5 49 
24 40 57 97 59 4 74 97 58 63 68 54 96 10 66 98 49 54 87 5 8 12 49 61 83 26 10 85 48 79 82 35 93 61 68 45 79 78 93 70 72 53 22 49 60 95 94 86 53 41 87 55 45 39 39 37 47 18 82 79 37 58 78 63 53 91 11 28 75 5 28 83 82 41 82 17 9 74 59 68 59 20 2 41 82 24 57 29 9 88 87 70 32 48 27 49 52 14 25 22 
67 77 23 60 73 64 70 9 15 17 7 68 48 96 0 9 34 42 3 20 7 9 33 30 52 82 15 93 9 24 45 11 34 51 71 44 40 65 12 47 11 60 64 29 48 88 85 8 10 61 98 16 53 64 60 95 6 91 12 82 85 99 73 46 12 42 14 0 83 0 63 53 17 61 40 85 54 60 93 94 73 78 40 39 4 82 9 41 61 99 32 94 84 22 12 48 94 94 78 44 
44 70 11 52 80 10 58 18 75 52 57 54 48 20 47 98 88 69 14 79 42 95 10 19 81 58 94 9 0 48 37 12 69 90 43 76 1 90 26 33 54 85 75 18 46 3 49 93 40 11 48 91 29 58 94 74 24 82 50 25 1 3 13 96 50 80 81 57 39 14 68 54 12 90 81 12 4 80 28 3 69 4 12 27 61 64 12 91 6 14 82 91 66 87 12 3 16 12 8 30 
15 89 51 25 44 43 5 69 50 90 47 34 58 22 8 8 67 17 80 57 59 18 17 77 82 93 88 31 71 99 8 37 33 15 1 41 19 97 77 60 67 73 49 72 0 19 70 26 66 50 90 46 18 39 52 17 30 4 44 94 26 32 33 16 60 56 85 20 45 51 59 55 32 26 64 62 90 91 96 72 3 90 54 84 64 64 49 88 13 68 32 29 65 48 64 48 52 69 56 64 
69 49 45 65 44 12 35 32 37 48 20 80 45 26 64 84 84 26 33 66 28 26 52 24 82 61 15 49 54 41 12 30 84 12 30 33 92 19 54 29 85 76 37 80 85 73 64 78 3 36 0 62 91 12 56 86 43 66 99 34 70 85 38 93 53 7 69 40 23 95 61 91 53 42 11 9 70 43 10 53 25 14 7 30 77 93 8 44 20 96 29 29 95 43 66 83 81 46 92 6 
10 89 80 4 69 87 2 75 9 76 43 47 89 28 76 52 23 94 56 83 62 5 83 88 14 85 77 14 11 49 18 50 12 4 83 9 3 34 74 53 30 73 49 86 43 91 0 85 16 1 64 65 56 84 38 72 2 79 33 92 32 53 71 66 18 77 27 2 92 15 83 89 20 29 2 15 81 58 32 57 5 97 44 14 99 5 3 81 92 47 48 67 35 37 7 44 68 34 46 31 
91 74 25 97 60 68 20 66 60 65 95 28 93 58 92 72 27 53 53 14 8 47 48 15 21 90 79 17 97 69 93 59 86 68 20 98 49 75 41 23 91 25 40 97 13 57 85 98 15 87 27 41 97 95 11 66 98 46 5 85 30 34 4 12 41 64 28 80 48 33 47 90 80 60 21 34 80 93 13 39 16 83 35 68 96 65 96 66 81 56 38 52 14 8 64 60 61 7 69 35 
40 46 40 26 47 9 21 41 7 26 54 28 85 89 44 8 36 99 10 85 59 73 94 90 54 67 35 64 58 87 0 22 66 86 35 8 53 49 24 63 62 81 30 85 23 70 94 37 33 64 79 41 27 71 26 74 13 47 3 4 83 7 39 74 58 18 64 0 61 74 45 8 68 73 15 17 70 65 21 7 33 21 74 75 58 61 44 85 80 80 63 11 97 44 39 27 35 34 7 86 
17 55 34 59 42 14 95 18 37 95 93 37 70 61 15 14 59 71 34 7 63 59 94 75 99 92 85 49 46 88 92 1 30 5 70 66 87 13 12 98 44 55 78 81 32 68 42 40 51 70 38 24 65 40 26 66 30 18 28 16 26 62 67 71 26 19 66 83 36 37 49 90 88 53 8 33 72 23 7 83 26 9 38 23 10 1 38 9 5 38 15 4 36 99 24 38 65 33 0 67 
9 50 10 14 69 77 51 54 26 64 78 32 15 12 76 34 48 56 54 52 13 8 64 60 27 39 39 31 51 63 81 78 17 9 43 10 62 92 35 76 57 29 71 59 26 19 30 47 52 76 50 90 82 37 86 33 40 15 72 66 59 70 21 79 60 68 52 66 52 5 92 34 54 50 22 56 72 47 43 63 53 62 18 45 51 69 97 79 74 22 63 47 9 61 93 72 99 74 49 29 
94 73 51 66 92 50 12 3 9 24 55 50 5 9 30 19 60 98 4 18 87 81 69 61 58 84 39 23 18 68 34 64 21 26 6 46 76 17 71 63 65 20 6 12 52 73 42 5 98 30 89 78 24 78 28 17 6 36 32 73 56 24 19 23 37 42 51 19 61 99 13 57 74 89 68 56 99 70 94 79 21 80 27 86 23 91 62 12 24 56 77 98 78 37 68 74 53 45 44 33 
32 73 32 57 15 26 81 60 70 49 70 41 29 45 94 44 12 96 73 91 93 96 45 78 71 35 26 77 21 65 79 35 96 10 42 87 70 3 81 70 16 17 43 6 61 59 63 18 10 91 15 93 68 85 71 92 48 7 19 75 39 48 11 51 51 42 33 59 32 73 72 71 78 74 27 80 97 44 40 80 94 10 86 69 42 30 61 62 81 68 88 65 68 85 63 99 82 98 51 36 
64 67 86 82 87 53 92 17 26 60 66 40 96 45 8 94 18 51 46 6 93 98 62 63 55 9 57 76 71 32 19 35 38 58 60 93 0 45 52 30 8 82 77 77 75 78 76 97 73 45 26 85 68 34 11 41 46 67 80 42 18 63 76 97 4 0 92 98 28 2 73 47 14 26 78 2 75 27 6 58 55 86 69 59 52 11 61 87 29 15 52 33 86 68 80 75 43 91 48 58 
8 41 37 51 84 88 3 68 73 67 62 77 55 97 38 91 6 57 15 76 69 89 93 48 56 21 2 16 22 39 90 41 36 37 38 12 72 13 22 95 29 35 24 74 37 7 32 18 89 97 60 42 70 70 51 97 4 89 62 83 71 98 84 15 95 94 91 52 0 84 1 43 62 98 52 56 75 26 44 9 11 82 2 95 75 81 10 18 61 5 64 55 34 2 56 52 93 45 20 80 
64 65 6 35 17 48 26 16 79 77 3 70 12 92 24 8 36 63 54 60 83 23 92 73 60 27 4 59 64 85 36 60 73 32 36 5 29 41 2 66 69 56 5 14 85 67 62 1 47 59 95 35 51 98 47 25 73 59 19 18 97 66 33 3 71 74 86 51 55 94 24 74 6 44 6 84 18 12 64 49 5 97 50 62 33 75 79 87 4 68 93 75 7 8 50 15 45 55 22 10 
11 18 16 24 57 28 35 66 82 90 30 81 21 81 93 31 92 64 85 54 90 29 49 46 96 56 80 82 55 49 71 54 4 17 19 55 31 77 14 78 81 62 40 46 5 28 6 96 45 36 50 76 42 35 81 89 28 49 25 13 70 14 93 26 30 96 87 61 44 65 65 9 37 79 26 10 13 97 63 22 68 55 32 87 13 49 76 27 88 88 74 68 98 49 48 40 10 82 57 52 
51 18 78 87 63 57 0 93 74 60 42 37 28 82 80 76 99 19 90 19 20 35 31 95 55 31 96 42 56 31 50 93 49 72 75 72 34 40 91 73 92 2 49 77 13 4 55 51 63 69 76 98 55 48 16 93 63 82 93 21 3 64 69 3 9 5 6 63 44 33 73 9 42 82 94 77 72 37 32 40 81 68 20 96 53 15 30 20 53 37 64 29 44 60 97 52 8 7 93 30 
77 35 8 12 77 8 48 10 9 58 38 58 2 27 39 85 28 46 23 78 31 41 63 94 63 27 36 66 33 49 51 75 46 74 70 51 52 96 82 56 87 74 15 38 14 7 85 68 86 51 29 64 6 84 11 75 99 70 33 55 9 44 0 43 19 7 49 46 0 79 2 91 91 85 86 36 80 74 75 91 55 34 94 22 65 1 97 38 16 84 88 49 36 83 20 9 51 17 19 36 
61 61 43 99 32 19 55 24 5 46 55 32 56 93 84 87 32 4 71 49 39 29 80 64 53 38 59 55 27 16 2 15 82 28 73 68 75 33 14 30 65 15 43 40 0 86 46 77 45 86 19 81 80 93 7 74 45 21 65 99 50 45 1 61 47 78 28 17 47 78 31 1 11 83 81 35 57 37 39 98 74 50 91 5 6 93 12 65 63 29 50 95 53 39 35 7 53 18 40 39 
29 3 58 35 35 0 51 72 80 24 77 75 35 40 69 35 46 36 24 51 72 97 26 33 55 26 10 5 36 36 42 98 93 79 99 54 6 25 96 77 23 29 51 56 85 53 4 49 51 31 85 90 7 10 37 5 69 34 73 95 3 29 96 58 2 10 38 63 28 99 59 44 26 55 5 36 83 55 39 65 30 9 20 67 45 58 91 9 27 80 92 33 71 72 35 19 77 92 39 54 
48 69 18 38 16 35 95 37 71 65 56 1 15 30 69 85 5 84 65 12 24 11 15 66 63 90 19 88 61 86 55 6 55 31 12 27 50 31 29 61 86 40 34 81 61 86 25 66 45 69 65 49 9 40 42 23 44 77 45 38 91 11 12 53 44 58 81 83 40 2 63 1 18 86 49 31 48 94 90 84 62 11 33 93 89 34 85 24 86 79 71 81 90 15 59 77 52 33 65 45 
53 29 34 1 91 86 45 14 49 33 53 36 62 13 3 20 29 25 41 73 0 20 91 97 43 43 25 87 86 52 68 58 17 26 28 57 37 1 98 61 92 43 19 70 29 27 17 10 48 73 52 94 38 62 63 70 90 30 20 39 31 55 94 2 50 68 82 88 94 69 80 9 60 61 70 54 46 85 9 42 95 35 47 30 62 87 77 19 94 44 6 44 47 63 47 29 89 55 48 64 
45 9 99 94 98 82 44 7 10 92 17 69 5 26 3 46 5 50 88 69 43 14 58 68 29 3 28 59 69 88 59 75 76 82 28 27 6 30 24 7 57 4 40 16 72 90 10 90 10 20 20 49 83 59 99 93 18 51 3 12 11 22 65 98 84 94 37 18 39 62 74 12 94 47 78 36 45 68 42 2 23 8 93 16 83 31 39 92 93 60 73 51 62 77 32 97 68 32 95 49 
81 88 9 3 5 31 31 60 66 59 89 2 0 38 58 41 70 43 97 21 7 61 3 69 24 38 39 19 40 24 75 37 69 87 27 16 47 11 31 51 3 91 57 33 6 47 69 59 94 65 81 24 87 30 23 2 25 44 49 70 50 79 7 2 99 96 75 34 52 52 6 44 75 57 65 93 77 45 10 73 63 36 11 96 70 88 31 50 82 67 8 36 88 16 29 4 58 13 81 35 
59 29 88 8 31 8 17 96 92 63 31 28 42 49 55 23 64 66 53 53 39 8 43 94 18 31 4 3 23 65 21 41 45 30 69 19 75 88 32 11 67 98 45 36 87 98 65 7 84 8 19 18 95 57 98 8 81 69 31 26 29 41 56 1 65 87 45 53 66 41 44 94 64 36 36 45 77 66 77 69 86 3 56 58 71 9 65 89 20 49 8 42 33 91 92 47 44 45 8 22 
24 36 36 20 12 68 16 39 84 69 40 20 4 50 88 21 50 41 52 43 93 35 98 87 51 25 22 30 86 27 51 77 26 36 40 50 90 30 66 5 34 48 84 90 39 93 7 91 1 35 47 56 21 71 61 1 90 19 86 24 62 65 28 4 4 70 72 33 40 7 60 4 12 74 58 25 38 57 68 24 88 30 58 69 10 46 93 28 46 71 73 87 56 72 33 25 13 21 29 3 
54 90 12 28 29 12 27 31 87 72 97 75 94 26 5 78 0 59 86 43 41 11 53 32 26 3 52 1 38 73 21 80 93 87 96 9 83 88 33 58 10 88 14 42 31 88 92 63 7 55 32 99 52 63 12 55 65 62 7 23 14 2 77 74 93 47 54 47 62 56 74 50 44 61 5 51 64 39 40 23 53 89 55 12 82 45 20 44 48 26 16 29 38 81 41 76 29 65 60 45 
83 99 56 37 29 58 23 71 53 64 15 48 5 61 79 74 56 39 63 67 48 54 33 17 30 9 74 1 22 13 52 77 18 30 9 98 80 27 88 5 77 77 35 76 97 83 60 73 93 85 72 83 56 14 77 60 33 46 82 82 27 44 37 53 26 20 40 32 18 92 48 27 77 88 98 68 42 48 19 73 63 53 31 69 94 87 28 98 48 49 91 7 77 53 19 86 28 1 37 96 
74 58 56 11 49 33 54 4 59 87 42 69 34 41 3 57 62 99 38 11 98 69 71 47 11 12 66 23 67 38 8 30 17 36 90 7 44 74 33 15 40 48 15 98 27 8 38 63 1 53 19 79 67 50 80 96 10 9 14 22 44 18 41 61 26 54 0 29 74 73 49 23 55 24 56 64 54 75 63 90 95 30 87 17 29 1 53 0 26 73 63 33 83 61 72 35 18 49 64 93 
8 85 29 66 74 82 83 7 86 25 58 96 95 56 54 50 78 89 46 24 54 47 81 53 99 79 89 18 52 36 96 93 70 59 85 37 13 70 10 70 48 66 15 55 98 38 64 98 34 10 91 88 63 84 32 74 64 81 92 31 62 75 7 83 43 38 76 48 29 81 55 67 59 38 47 0 76 88 29 57 78 56 7 64 28 46 16 96 43 2 33 46 53 39 4 61 68 26 12 62 
49 18 29 16 96 42 8 11 35 71 89 23 10 48 96 8 66 79 62 87 88 39 44 23 39 11 33 25 40 60 84 1 79 29 80 2 55 5 75 92 30 90 57 95 21 65 37 35 32 3 64 50 10 18 41 74 8 83 33 8 48 98 65 99 60 42 52 81 59 83 4 30 51 30 3 43 63 84 31 74 59 16 51 62 78 93 57 30 23 63 12 81 4 66 77 85 78 94 89 80 
57 93 68 70 63 49 1 73 78 8 56 9 19 96 84 99 83 12 34 44 85 36 42 54 11 48 57 67 25 68 35 61 52 50 53 5 5 25 57 26 59 69 9 48 55 99 21 9 42 17 38 88 6 97 95 69 25 55 61 77 33 93 98 90 4 58 97 17 26 41 9 49 65 27 66 11 55 23 56 76 63 14 79 54 1 87 39 7 35 63 57 98 8 72 86 68 35 54 18 74 
45 26 91 92 6 3 24 77 13 82 44 19 41 3 83 86 94 89 46 52 45 40 30 36 65 25 71 35 19 1 18 98 91 55 9 37 86 48 89 43 26 64 72 64 33 42 93 47 19 67 85 24 86 83 46 13 58 12 61 99 56 91 80 95 31 80 62 41 98 6 54 93 73 3 34 69 82 57 0 23 13 97 54 10 83 51 23 38 48 42 93 71 71 45 3 94 42 98 82 96 
94 50 28 95 0 45 13 31 93 95 46 84 23 32 86 8 47 64 59 75 70 98 69 33 43 42 37 75 8 52 5 62 13 47 98 41 63 49 97 81 57 37 18 54 2 3 82 44 15 3 0 75 0 44 58 67 82 58 77 6 52 26 59 3 56 57 3 38 27 84 38 57 27 90 56 43 45 50 4 51 15 11 45 72 92 21 65 30 45 98 3 39 70 88 8 54 10 41 33 52 
28 61 20 65 42 86 12 50 54 98 50 65 98 60 1 24 32 16 53 77 54 60 43 81 72 79 84 52 24 13 87 29 9 40 59 79 67 57 58 54 1 42 14 25 5 46 2 4 20 57 57 38 21 6 41 93 31 22 79 69 1 92 53 6 90 57 3 45 94 60 10 28 39 26 58 73 3 34 19 76 61 89 7 7 46 24 57 87 6 82 21 85 2 79 99 71 97 61 69 11 
66 14 36 60 24 75 41 87 81 43 48 87 34 31 2 86 20 97 68 95 19 69 70 12 47 16 73 99 95 43 35 63 56 68 21 94 19 83 23 48 54 58 61 75 29 83 69 77 91 1 28 5 74 73 51 65 43 98 75 19 59 75 14 55 23 29 95 89 97 1 28 8 59 90 82 26 35 85 38 52 68 12 78 52 44 62 54 97 91 50 85 12 3 74 51 45 52 1 39 99 
33 14 12 23 23 79 51 13 22 62 4 89 47 63 43 66 13 11 37 1 14 94 35 80 79 31 88 59 86 48 50 54 16 24 67 80 35 25 89 0 66 45 59 66 47 49 89 89 36 80 86 30 93 45 37 75 20 54 35 29 58 31 6 79 6 78 77 76 3 93 98 35 14 47 95 33 49 94 74 54 10 1 91 19 67 80 19 7 94 24 34 57 91 5 37 82 34 65 66 8 
26 6 99 81 91 55 5 8 20 19 64 45 6 54 70 63 65 69 26 35 76 4 27 78 67 18 85 23 76 19 18 42 97 17 92 96 61 69 75 12 53 35 45 33 1 32 77 97 7 47 80 74 19 66 17 99 55 82 76 17 81 22 85 14 63 4 30 18 27 69 62 4 31 18 16 75 14 3 95 62 68 6 27 89 46 63 44 65 85 2 17 65 37 66 19 66 29 77 43 76 
33 12 22 14 95 37 60 20 6 13 8 30 16 39 21 68 22 22 43 52 77 14 0 87 7 86 1 72 26 8 81 46 1 33 76 4 77 90 43 26 41 56 32 13 76 93 4 82 54 51 88 80 6 76 96 59 96 62 81 13 7 91 75 31 20 44 6 75 32 4 44 45 62 99 15 27 32 48 62 61 23 70 78 32 41 14 95 5 11 54 5 37 16 88 36 49 61 38 66 67 
4 64 27 83 14 95 37 87 87 45 69 47 81 8 81 34 6 79 0 40 41 35 87 32 20 54 94 6 61 82 38 52 99 56 36 26 88 98 10 14 6 18 76 41 55 40 97 40 48 52 63 98 10 83 73 18 12 38 28 95 71 92 8 74 42 87 31 88 45 19 46 32 77 66 19 95 82 19 91 83 7 3 21 65 17 29 74 86 7 15 94 60 45 93 87 80 52 30 56 63 
88 67 89 69 43 10 82 81 37 11 61 58 12 7 56 78 3 74 97 33 78 93 72 0 11 56 90 19 3 51 4 0 62 8 15 21 72 40 65 59 69 59 4 35 19 57 69 33 79 4 88 92 24 36 82 1 42 61 99 79 95 80 81 34 50 45 1 87 57 67 16 36 69 48 17 52 71 47 8 5 70 46 54 60 98 9 68 33 46 36 57 16 49 5 76 23 9 62 17 36 
50 68 67 81 34 12 58 51 69 96 38 64 35 41 67 12 79 67 50 89 42 86 40 90 49 77 30 41 75 56 73 76 22 13 66 78 4 62 88 42 5 20 5 60 11 36 35 87 36 95 32 13 55 26 28 60 62 8 61 17 51 30 39 15 38 37 41 63 54 18 36 38 30 96 39 30 41 63 94 28 61 4 70 1 84 85 93 63 85 6 75 99 18 4 53 65 21 61 37 28 
40 49 25 90 48 27 82 34 10 62 16 84 5 2 33 4 2 2 11 31 1 40 90 55 63 43 85 10 48 11 80 16 88 66 10 20 60 81 96 15 42 50 69 71 77 93 71 28 57 25 23 4 23 72 8 72 47 18 37 97 23 2 47 24 31 57 17 82 86 51 23 7 0 26 90 77 40 6 18 95 36 86 99 58 82 29 12 60 42 81 44 19 73 46 31 36 80 58 65 5 
69 92 89 92 57 31 77 89 83 0 24 14 99 58 44 68 35 28 33 45 19 32 6 32 15 80 70 56 12 14 10 85 82 56 65 7 60 15 31 37 85 27 55 17 52 24 63 52 66 19 89 40 30 44 55 32 24 7 22 72 86 16 4 54 16 87 43 44 30 80 85 15 51 4 89 51 0 16 22 92 10 45 75 81 0 73 23 14 64 55 58 27 32 1 67 47 56 26 59 79 
26 66 1 88 41 6 24 54 30 7 27 9 99 75 3 87 25 49 38 48 93 80 97 19 86 48 47 6 41 40 1 75 85 59 77 60 6 37 39 48 63 16 40 95 51 76 37 64 12 14 32 4 57 35 13 62 94 81 96 37 72 94 73 50 47 61 8 2 22 97 62 42 34 43 31 77 43 40 53 6 38 23 33 87 60 68 21 25 5 4 62 53 5 11 91 6 95 48 53 24 
55 79 0 32 13 61 94 17 46 23 43 58 58 44 33 77 63 49 25 64 82 66 93 2 51 43 91 0 85 74 42 4 26 6 15 65 12 57 31 49 14 10 51 88 97 18 93 86 18 52 73 86 54 58 37 3 47 38 89 39 51 5 98 55 18 95 14 11 52 31 37 10 31 76 66 47 91 36 71 61 0 40 97 21 96 85 71 78 56 5 50 21 94 20 81 97 1 57 53 24 
61 60 72 40 70 30 62 41 47 98 24 59 9 38 45 83 90 97 73 49 95 47 56 60 61 76 79 49 3 64 5 45 38 30 96 46 63 70 28 28 81 49 9 68 3 32 81 73 56 52 89 13 39 96 68 26 38 72 16 73 45 52 24 2 28 76 5 10 61 94 1 89 50 12 48 12 63 40 85 79 23 26 25 66 89 45 67 41 49 20 80 91 35 18 79 43 10 7 23 78 
45 94 67 52 82 55 95 23 60 38 18 40 63 97 91 7 33 49 80 9 31 12 91 36 40 17 26 35 9 13 74 39 82 84 64 5 16 91 69 96 56 97 22 86 15 31 94 10 54 24 50 64 56 17 69 8 85 37 98 32 89 61 82 45 65 14 43 84 97 43 89 37 71 49 59 95 0 67 5 13 88 47 71 85 7 46 98 11 17 23 77 40 53 31 36 24 77 91 67 80 
77 15 9 48 82 90 35 36 73 54 66 25 33 57 82 3 72 91 63 17 9 18 33 20 13 12 90 67 59 20 90 70 47 88 8 70 57 9 8 61 35 23 12 94 6 22 42 43 49 57 46 37 24 58 44 52 23 39 29 75 11 64 7 54 7 53 38 83 19 57 84 9 57 46 79 68 18 71 89 77 40 91 28 48 15 76 76 67 72 24 42 81 52 83 34 80 66 46 47 66 
85 78 53 74 20 11 35 34 35 58 46 64 89 50 26 2 26 63 76 87 31 28 79 22 63 30 99 52 4 83 47 73 94 12 50 2 12 47 16 14 49 70 49 86 81 40 50 83 92 75 3 50 37 18 90 41 79 87 14 93 76 57 18 54 75 64 30 90 24 29 22 34 9 20 50 9 75 43 82 47 37 93 71 81 9 74 26 81 61 33 39 80 11 39 72 34 83 62 95 94 
61 78 17 55 87 82 53 86 4 18 97 53 46 28 39 92 65 57 98 53 60 5 50 9 12 78 53 41 63 96 28 82 30 57 65 77 46 91 75 57 8 38 39 94 91 52 15 50 37 70 24 42 85 37 7 96 24 68 70 70 83 88 29 50 16 42 99 99 38 79 14 14 34 86 83 38 36 33 23 5 94 61 15 68 67 56 19 45 31 15 97 55 34 17 82 5 74 89 77 63 
45 71 87 69 71 22 39 85 99 64 39 63 80 91 83 87 31 86 4 75 56 3 75 98 1 92 51 48 69 95 65 39 96 86 90 21 78 87 46 71 31 36 83 81 78 62 40 27 57 44 39 64 0 26 13 40 23 51 48 95 5 39 53 40 22 9 72 55 60 63 76 39 30 2 59 3 49 61 26 79 80 9 9 6 66 58 81 89 33 60 38 86 29 9 35 14 37 78 59 43 
93 49 1 99 57 4 24 29 24 45 53 81 97 21 52 82 70 51 49 57 50 11 63 77 93 38 1 45 13 3 97 77 28 82 57 65 95 52 44 6 44 56 93 31 59 17 54 95 34 99 56 27 55 59 84 79 90 37 77 84 15 47 81 69 53 16 49 54 52 82 72 8 21 77 54 2 43 60 14 99 84 44 1 17 84 88 46 21 88 30 86 24 67 71 82 14 37 14 43 17 
94 57 41 89 78 36 8 69 16 74 51 68 88 74 54 81 96 74 71 87 95 17 79 57 44 98 30 34 16 16 8 48 43 1 1 94 7 74 92 10 67 12 63 63 23 15 82 44 75 26 1 49 25 79 82 79 83 12 64 95 5 11 8 37 75 2 18 19 46 10 44 7 12 57 33 32 73 13 17 2 98 75 58 27 69 40 78 58 11 58 4 90 57 94 44 82 31 40 71 47 
4 5 66 77 22 49 89 75 93 19 55 18 29 17 16 32 89 66 19 94 13 43 90 94 32 41 46 13 2 28 55 48 64 1 92 8 94 28 79 12 83 66 96 26 23 76 94 62 89 7 57 94 29 67 10 41 65 9 76 34 9 34 20 44 83 52 56 24 47 91 31 14 81 96 0 64 29 5 27 95 47 86 8 67 58 94 32 77 32 61 65 51 24 24 57 76 28 21 92 84 
58 65 89 78 64 32 31 73 83 83 37 36 48 39 89 25 20 49 76 39 14 73 4 38 82 60 42 8 69 17 30 54 62 7 45 48 55 71 81 61 12 51 23 73 50 51 78 16 64 83 74 19 71 2 23 9 40 97 35 87 86 27 1 32 16 99 75 24 12 59 11 75 68 12 69 81 21 77 56 91 94 13 10 57 98 47 13 42 9 84 44 51 32 15 1 55 71 52 4 58 
3 83 11 1 28 30 7 90 69 58 3 40 69 77 84 49 32 52 98 90 62 0 25 50 35 94 26 95 32 39 70 89 69 43 38 21 92 65 85 78 37 8 64 53 42 81 9 78 20 73 70 8 27 85 18 97 94 83 67 64 63 62 62 11 94 20 85 28 15 2 0 82 17 21 81 23 20 57 15 45 15 47 49 86 23 7 43 16 54 82 22 5 51 16 53 66 33 69 70 78 
14 92 98 22 70 69 32 50 72 63 48 6 8 49 91 86 94 95 4 23 94 67 15 35 41 25 61 87 83 58 51 3 93 12 72 73 32 2 56 66 54 89 34 69 0 72 16 69 6 40 54 17 7 31 0 6 68 74 24 26 15 68 79 98 78 64 66 61 46 14 28 74 45 51 19 62 67 51 76 39 48 26 95 88 89 5 70 6 93 10 57 86 6 54 5 69 60 50 9 68 
65 80 54 15 18 91 94 32 56 98 59 96 39 70 77 74 43 69 81 27 31 41 27 60 75 20 83 18 13 98 39 91 76 17 73 34 68 83 34 48 56 5 46 15 48 79 98 36 81 12 86 64 91 71 52 25 15 46 28 54 38 94 50 54 16 20 21 8 48 26 29 62 30 9 55 6 6 21 8 86 57 37 39 15 37 97 63 43 26 57 56 20 94 60 44 60 52 97 70 88 
33 85 86 50 15 57 99 47 99 65 37 91 28 57 25 14 56 78 40 66 15 92 15 66 62 72 47 71 69 33 51 93 24 47 25 4 22 41 95 55 71 66 99 37 97 94 97 66 29 3 11 64 63 64 85 42 49 4 62 97 19 58 3 78 80 32 18 72 36 66 54 14 91 48 89 30 69 54 5 43 91 19 24 27 25 32 46 2 84 58 73 7 61 83 23 68 50 84 17 85 
81 47 55 15 83 60 51 95 27 17 31 56 71 38 3 33 98 68 42 36 22 97 84 17 0 25 76 27 38 80 90 32 24 12 44 16 30 77 76 12 25 73 22 86 84 96 60 76 49 88 85 37 40 14 46 67 75 82 62 19 7 87 21 17 6 98 96 11 5 7 10 44 59 60 62 18 75 30 19 5 91 53 84 36 42 92 25 49 39 65 9 80 46 6 79 68 6 88 86 65 
39 14 8 13 34 29 26 2 7 31 88 23 39 2 45 99 83 15 72 6 79 94 82 45 30 24 10 96 13 10 56 14 53 63 78 21 26 37 64 62 6 92 24 20 54 51 45 28 15 55 16 71 28 2 39 91 96 65 79 67 54 36 81 94 27 9 9 93 86 91 83 24 81 27 65 38 68 97 57 96 48 53 3 96 58 64 42 30 35 9 99 31 34 87 65 80 60 69 39 73 
7 71 95 19 6 50 33 70 84 11 83 47 8 40 98 85 80 72 49 6 64 33 32 97 60 54 80 17 12 89 53 93 20 73 8 42 77 37 62 0 19 45 65 25 19 9 77 94 46 91 54 39 22 8 24 53 85 82 30 18 36 79 23 36 98 38 63 66 9 86 74 96 92 96 70 45 26 46 69 66 17 32 11 80 43 34 33 78 65 85 52 64 72 39 66 8 57 13 98 59 
47 31 35 77 64 71 1 60 0 37 16 34 61 51 46 23 44 71 37 70 99 30 12 14 51 99 16 63 16 63 22 32 59 28 31 21 70 22 92 59 66 26 7 14 86 17 78 58 39 76 59 47 92 90 11 87 62 53 55 78 3 26 3 63 32 63 25 18 55 14 78 32 76 51 87 42 6 76 63 14 64 65 7 46 91 51 18 42 17 53 49 85 88 88 14 98 50 86 33 85 
35 22 55 39 5 14 43 74 44 51 85 26 78 16 68 91 49 12 27 12 87 13 12 31 80 13 89 90 18 4 19 54 65 98 91 14 50 11 46 21 30 11 32 64 34 71 16 58 61 13 40 93 32 11 39 54 30 39 30 27 32 22 63 12 10 74 14 55 2 96 86 45 0 38 52 98 4 97 38 78 60 79 83 89 5 83 77 76 59 56 35 97 43 7 25 1 77 95 88 68 
74 23 98 60 67 87 97 5 87 91 70 1 58 5 54 72 46 63 52 38 70 60 74 96 64 83 49 11 43 48 73 91 69 39 34 71 15 31 47 29 39 7 97 97 34 35 47 17 22 77 43 72 65 57 78 19 94 74 63 23 63 98 65 36 16 17 62 66 3 16 86 54 73 4 53 87 80 57 88 1 22 80 6 89 24 5 6 67 94 97 7 37 62 55 89 17 67 28 98 84 
32 36 59 96 61 91 19 14 93 8 36 8 61 25 17 27 0 67 60 44 44 95 73 5 76 9 35 49 97 36 42 91 74 95 44 10 94 46 63 8 77 28 15 54 8 54 32 40 21 20 67 54 19 8 2 98 12 96 96 51 39 65 74 97 44 75 54 21 93 4 34 51 80 75 17 63 94 42 23 69 54 19 19 9 79 37 80 77 18 90 29 80 84 4 58 7 62 2 66 25 
66 97 90 13 16 51 62 54 5 54 46 42 76 96 44 20 81 13 81 86 19 17 20 28 13 68 6 41 25 52 22 82 12 54 49 80 16 99 74 93 46 24 6 7 34 63 34 36 37 56 55 89 11 45 59 58 97 34 14 38 69 3 96 64 87 26 1 60 78 44 5 42 23 39 17 63 85 9 13 10 14 23 40 6 65 52 65 68 65 4 59 28 37 53 63 70 40 65 92 83 
78 88 75 66 24 19 52 32 61 1 37 27 5 89 86 41 58 96 89 60 5 16 31 89 14 42 94 10 43 48 12 28 30 77 68 37 64 45 60 20 97 84 31 18 62 66 95 17 10 81 17 71 24 94 76 22 23 52 63 26 23 46 39 98 55 71 37 94 48 24 39 88 5 48 45 6 56 55 14 79 12 53 32 45 58 28 80 47 97 81 73 31 1 27 28 46 20 4 96 46 
7 28 7 16 39 95 36 58 87 55 43 91 64 70 50 58 32 4 53 3 7 36 60 40 84 87 19 12 90 58 95 42 94 22 59 35 24 73 21 75 76 58 62 37 75 3 51 26 94 98 81 84 2 2 92 75 9 15 0 92 80 93 12 96 53 29 74 99 27 4 86 93 3 84 99 21 25 1 51 96 52 52 70 68 34 10 5 22 99 30 7 29 40 11 65 92 51 73 18 14 
89 58 49 88 3 18 34 98 69 54 26 93 32 0 71 56 98 0 31 10 35 45 28 24 94 30 28 88 81 3 30 73 25 51 57 35 5 67 59 45 36 5 24 5 25 73 88 64 63 60 2 31 25 67 63 65 43 42 47 75 58 61 74 52 89 5 93 16 92 72 86 26 29 31 53 92 41 96 37 0 4 55 51 85 64 64 64 92 27 17 1 48 23 54 90 86 45 94 3 13 
73 32 39 89 93 30 26 86 80 20 86 56 70 60 4 8 73 36 31 61 93 41 61 72 71 15 70 25 30 97 2 47 48 75 58 70 44 5 13 50 71 61 51 7 52 95 26 35 95 40 13 88 62 41 5 15 27 6 86 7 20 43 34 6 4 89 36 92 73 8 59 58 62 59 60 54 15 29 46 43 99 31 4 68 29 90 40 80 98 50 62 25 66 3 75 17 89 27 7 97 
80 0 69 12 60 87 97 13 63 37 22 77 44 89 90 22 63 71 70 77 57 63 2 55 61 25 69 10 8 68 97 79 39 88 81 89 30 76 22 24 7 7 16 46 79 91 93 22 76 48 67 48 96 62 26 29 4 37 60 15 89 52 72 55 95 56 33 68 60 87 48 75 67 40 82 73 80 76 63 24 83 25 36 74 30 50 71 62 0 12 52 37 84 48 86 56 3 1 96 99 
29 6 1 45 72 47 14 77 74 8 58 76 8 91 11 7 36 32 87 28 65 1 89 12 67 19 41 8 88 30 37 64 73 19 58 63 86 52 99 45 49 84 20 73 84 41 29 31 77 38 76 81 18 33 40 16 9 57 19 49 57 63 58 88 85 2 76 81 20 88 61 6 55 91 8 1 15 16 22 37 42 58 52 66 87 78 11 60 64 14 87 40 16 28 58 95 17 93 29 67 
87 2 19 56 57 13 61 62 16 2 91 19 10 48 49 79 9 26 71 94 80 39 93 97 49 70 5 77 76 94 75 13 11 18 59 95 50 63 37 49 40 65 34 39 54 54 45 35 28 5 25 32 30 8 33 84 14 8 63 2 95 69 17 58 55 4 68 58 84 79 39 69 47 13 81 94 98 54 74 72 91 53 71 99 10 91 86 57 40 7 60 1 29 72 10 36 87 41 30 50 
99 32 55 56 71 0 30 24 61 51 11 12 23 60 79 14 39 22 51 87 1 10 28 79 59 89 24 93 88 20 94 84 96 15 21 56 91 92 43 64 20 78 84 64 92 90 11 43 94 92 1 3 9 5 27 44 88 67 78 98 42 78 74 66 63 22 21 42 85 33 78 24 38 62 36 88 65 49 37 44 78 57 97 50 16 56 17 72 45 15 72 7 8 29 87 48 79 36 92 34 
46 9 33 50 40 59 61 35 58 27 52 23 80 2 47 93 17 76 27 43 82 68 90 95 19 68 45 48 48 73 48 44 5 22 31 55 73 18 66 7 56 87 84 78 84 70 43 19 44 20 47 72 6 22 64 92 15 96 29 20 32 10 22 32 31 83 96 91 74 85 7 58 55 6 97 49 29 2 26 35 6 88 66 81 18 5 42 76 43 31 13 90 48 46 95 81 3 81 20 14 
38 66 57 61 54 7 51 82 11 96 14 96 55 93 77 92 9 70 88 16 91 32 11 16 39 17 61 60 42 83 91 79 86 97 70 80 62 22 38 87 88 50 48 83 10 22 99 62 60 0 46 68 56 39 29 99 71 80 69 57 39 1 97 48 94 5 83 27 62 27 18 82 33 56 81 28 36 79 87 22 42 4 13 3 74 1 45 2 32 58 12 48 63 27 26 51 93 82 48 69 
43 47 15 49 85 96 48 15 36 77 63 38 16 52 31 19 88 81 97 99 7 99 1 93 54 62 62 89 76 80 70 96 37 13 85 45 1 52 32 47 23 39 9 76 37 46 93 26 15 83 27 60 64 16 59 71 27 53 25 65 90 80 95 46 47 74 84 61 0 0 3 17 48 33 79 9 82 14 76 93 78 59 38 98 66 80 32 87 71 24 68 85 76 89 25 12 17 84 1 59 
88 6 76 70 36 76 56 13 51 10 35 72 46 6 34 25 66 23 39 93 49 12 1 59 61 79 74 74 0 14 54 37 29 72 47 68 23 91 88 64 35 20 41 70 54 63 19 25 7 78 56 97 98 64 46 0 66 47 40 99 24 41 65 96 80 21 99 27 48 14 91 10 83 56 88 13 19 51 93 13 90 64 3 59 61 40 45 24 3 20 2 41 20 23 48 8 53 42 26 21 
23 29 77 2 2 56 43 47 93 65 92 83 39 1 16 59 91 77 48 83 71 18 55 2 97 30 57 77 83 18 75 36 42 61 26 93 53 90 25 37 71 81 16 25 1 1 51 96 48 58 65 33 62 89 45 11 3 45 38 51 99 57 7 18 94 81 82 75 60 89 72 3 54 51 29 68 84 73 40 23 27 7 74 97 62 14 31 80 93 89 77 73 17 31 28 29 22 6 58 8 
98 42 67 17 17 8 31 76 17 20 35 48 4 33 54 41 40 28 21 72 95 4 17 28 47 9 99 50 32 62 28 20 35 4 10 71 45 59 83 84 88 39 4 95 29 83 77 59 31 68 7 41 14 2 74 36 20 50 28 52 8 23 1 46 32 55 17 8 93 28 15 66 72 52 60 43 51 85 86 19 85 93 61 57 94 9 23 53 94 78 3 25 11 5 18 87 73 3 52 61 
94 12 88 28 6 17 1 26 69 80 55 63 82 59 7 45 18 99 78 71 14 78 33 75 73 2 17 20 97 53 63 14 83 22 63 79 49 82 40 94 85 50 23 62 91 86 49 49 79 87 14 21 19 61 68 31 97 88 40 14 1 36 11 71 10 15 98 3 82 21 42 20 7 94 94 59 40 19 76 1 76 2 8 0 1 67 14 9 32 83 21 20 40 80 74 24 56 53 19 15 
81 40 81 28 88 81 73 71 76 65 86 84 82 46 98 44 50 1 89 45 33 13 66 53 95 74 81 48 51 86 49 37 41 39 19 97 84 1 94 46 44 61 0 36 77 73 93 25 72 90 95 90 25 88 42 28 34 65 73 76 63 33 11 23 19 76 99 57 26 13 94 4 71 69 19 79 16 11 29 19 35 94 15 22 47 27 84 2 84 66 8 56 63 31 27 70 58 77 76 26 
55 61 5 36 50 83 25 58 27 67 14 70 28 98 81 99 72 59 26 67 29 15 28 60 36 59 84 38 63 25 28 9 50 66 96 68 24 55 16 69 11 25 17 57 34 85 8 2 52 95 99 83 11 14 87 76 38 73 2 95 25 97 42 94 64 23 29 62 98 31 7 27 80 81 40 1 59 63 94 67 42 19 3 49 95 58 59 79 64 9 65 8 29 68 22 61 24 8 38 51 
31 25 93 70 49 44 17 22 64 36 18 45 75 32 34 31 4 4 99 35 18 16 25 19 82 70 24 5 99 10 17 71 45 4 20 52 43 1 50 44 35 37 8 10 54 40 20 67 83 3 6 58 77 49 66 2 17 3 16 76 64 60 28 61 45 37 83 50 94 80 37 58 84 93 76 56 28 1 57 98 71 3 2 49 29 13 68 2 90 56 50 44 69 34 2 95 97 83 58 60 
5 93 77 66 11 25 47 28 80 15 74 0 30 45 22 32 97 23 48 67 80 48 94 30 3 89 94 19 93 98 69 61 56 25 34 30 75 84 95 26 39 89 61 85 76 96 46 14 14 71 16 16 24 28 65 13 64 24 66 14 45 30 92 59 68 8 3 55 24 14 13 70 72 47 43 72 87 24 42 25 56 93 53 39 49 2 25 87 24 83 9 0 91 60 83 4 69 52 14 81 
31 87 5 63 88 89 13 78 28 85 58 11 1 42 72 90 8 45 91 66 26 22 47 61 94 27 82 41 58 47 94 83 28 72 64 66 35 28 93 95 89 68 23 41 72 9 79 98 8 50 28 56 91 42 68 24 4 32 77 30 12 56 35 75 2 32 24 23 68 19 5 47 54 88 83 3 31 66 88 95 50 79 10 43 79 90 60 82 34 38 36 51 78 92 97 71 62 55 39 34 
20 98 35 30 59 21 67 68 47 30 69 80 57 87 3 0 89 55 11 99 15 69 16 39 49 77 36 24 47 62 79 15 26 10 5 76 99 72 83 2 31 96 0 91 11 90 13 58 29 40 73 75 71 77 47 48 53 45 45 22 14 32 94 38 31 14 66 52 62 8 28 47 32 4 52 34 81 64 2 63 49 89 99 82 52 75 15 16 61 8 10 57 46 41 19 94 55 10 69 99 
89 58 72 40 77 38 28 86 29 18 77 17 2 30 71 24 95 6 86 72 17 57 52 56 52 58 70 28 57 14 0 57 84 40 77 65 95 27 2 27 11 84 62 73 19 64 6 44 99 74 10 28 42 24 28 52 64 13 42 36 1 51 38 70 70 44 77 30 61 47 77 73 34 88 97 39 37 74 53 55 82 76 13 51 96 25 52 14 1 1 53 2 64 24 99 53 96 77 66 26 
20 80 85 43 99 24 33 75 67 16 26 41 20 71 81 27 10 85 14 8 43 7 62 30 26 14 31 24 33 16 79 34 28 60 62 59 98 75 12 28 27 63 71 54 50 47 5 94 61 71 60 78 96 49 17 43 74 16 78 69 14 96 68 86 44 58 76 47 46 54 86 63 41 98 66 82 64 88 29 13 29 31 8 2 17 70 10 50 73 66 52 13 58 77 36 34 37 30 24 68 
47 35 21 69 10 45 25 16 77 3 48 28 1 26 73 90 25 7 85 83 58 80 98 48 42 88 69 50 14 41 4 90 66 89 2 83 74 77 55 53 62 31 4 70 41 22 2 95 62 94 67 22 6 87 58 5 38 11 98 94 96 98 45 76 23 77 29 0 12 44 0 57 82 73 20 61 86 74 41 69 60 93 30 3 69 90 41 50 1 97 7 41 2 58 11 4 61 61 18 63 
81 41 32 96 94 56 72 35 48 35 69 68 8 60 63 17 70 9 20 53 16 19 93 92 65 51 63 76 17 92 34 39 8 73 94 42 42 72 81 85 74 15 62 20 22 45 7 38 41 37 69 19 22 83 2 63 56 55 27 73 83 54 87 13 62 58 24 66 93 69 17 55 61 93 32 84 37 63 48 60 91 13 26 24 20 20 63 26 88 94 65 7 6 88 43 57 55 59 62 50 
43 28 1 77 36 34 19 62 14 51 56 0 64 25 61 16 61 22 56 73 13 30 32 98 62 33 44 95 34 49 42 4 74 24 69 34 44 72 31 88 8 46 49 25 16 66 80 6 94 14 74 43 90 45 51 29 80 21 84 7 91 46 1 81 27 25 74 64 29 30 8 67 92 45 65 57 73 79 50 16 86 43 59 5 56 62 48 93 84 49 6 88 59 80 7 64 0 28 82 89 
78 33 91 74 1 40 51 70 6 48 38 0 98 53 36 7 50 14 10 82 49 68 33 92 10 95 96 47 49 92 75 54 55 55 14 23 60 49 74 57 89 6 78 15 82 53 14 85 53 80 25 60 80 66 7 53 23 74 33 20 22 37 19 87 61 15 50 24 81 22 16 34 6 60 37 57 77 74 48 63 25 84 77 27 4 51 51 64 19 17 16 49 86 44 28 39 72 41 68 98 
71 34 40 1 14 62 79 89 84 12 41 17 57 63 54 83 70 0 69 0 57 64 43 96 1 56 65 12 71 78 2 65 58 90 58 10 77 12 68 13 58 60 83 10 57 63 72 3 53 80 81 27 74 72 76 65 88 77 73 96 51 41 18 17 64 21 34 68 2 87 32 31 80 33 77 23 34 43 47 60 18 20 91 59 78 72 13 62 55 8 50 0 8 30 51 78 30 19 76 68 
66 74 99 52 86 11 75 92 8 4 63 2 89 79 83 1 84 72 13 29 1 40 71 84 49 54 64 47 27 76 12 59 56 38 66 20 71 39 77 41 70 96 32 9 77 73 25 73 17 96 3 44 15 97 60 99 50 32 55 57 77 73 51 2 65 25 55 78 19 15 67 41 53 46 70 33 87 86 33 55 40 77 41 21 44 95 61 47 68 64 19 44 96 89 15 88 97 21 59 80 
7 74 77 26 64 22 22 29 78 59 40 39 58 26 54 13 93 79 62 14 63 58 20 16 25 64 45 52 23 98 71 44 35 5 55 38 52 41 30 54 71 63 60 8 82 0 98 71 26 24 35 41 34 3 50 13 28 31 30 89 60 62 45 91 94 30 65 82 37 98 8 36 73 94 55 99 65 98 93 57 58 63 68 92 58 66 37 82 24 53 40 8 31 39 71 49 97 32 51 78 
