46 50 59 4 93 85 42 23 45 34 84 39 36 48 62 24 77 16 45 46 38 32 81 82 22 18 4 13 27 3 79 41 65 8 49 22 91 47 7 48 90 56 45 13 28 38 63 25 67 92 89 64 34 81 15 51 15 80 59 71 58 20 45 91 41 68 89 61 16 5 27 31 90 55 12 25 60 76 31 37 54 31 59 86 32 74 51 86 40 70 25 72 17 43 75 8 69 98 98 92 
14 61 9 15 41 39 19 40 60 40 96 62 85 75 21 37 60 81 0 39 26 89 30 47 23 62 88 58 21 47 92 52 61 54 37 98 41 62 92 62 47 69 37 90 21 10 45 36 37 68 93 49 47 12 6 1 93 95 90 19 74 70 56 86 22 77 15 62 37 90 29 94 94 28 14 30 90 68 61 49 40 62 39 45 15 59 13 74 94 21 64 96 80 40 4 36 53 24 95 44 
43 67 56 14 68 12 70 10 99 87 3 2 4 51 31 72 50 30 79 78 91 85 46 77 30 35 49 18 1 46 78 0 80 47 35 64 26 73 99 45 60 93 34 97 54 20 77 95 43 2 97 25 0 86 84 37 93 86 7 86 34 23 46 6 15 96 25 29 15 32 40 5 94 81 50 36 6 44 1 1 30 66 57 30 96 56 46 38 41 58 23 58 82 0 32 58 85 25 82 25 
72 63 85 44 61 28 79 59 99 0 12 29 20 54 84 15 16 87 44 26 21 5 7 96 62 44 17 71 1 27 30 40 60 76 7 3 28 57 49 76 29 18 64 38 29 11 3 34 79 68 10 6 21 50 5 90 17 87 63 46 84 65 93 97 96 39 56 42 72 32 20 65 86 96 26 5 44 60 1 48 2 46 88 62 38 1 23 5 13 58 15 39 57 19 23 26 60 79 73 45 
40 65 16 76 11 58 55 62 30 37 97 16 56 98 43 69 8 75 39 76 6 44 38 26 25 81 76 21 15 88 10 75 57 13 29 95 11 22 50 29 90 87 81 8 38 62 81 57 6 99 91 41 45 25 39 35 92 52 4 51 54 18 68 90 19 75 15 75 75 2 30 41 37 1 35 22 31 72 31 36 85 45 53 70 66 82 77 77 9 79 59 19 24 50 97 28 97 64 98 75 
22 6 97 91 22 83 13 31 48 88 34 7 0 33 64 76 0 86 94 89 97 86 26 99 66 59 31 82 35 34 31 25 58 36 98 24 38 78 98 43 57 0 13 58 52 24 60 3 64 37 81 59 51 78 19 65 7 81 84 0 54 92 68 87 79 26 33 2 85 45 38 70 13 58 75 60 80 93 77 3 69 64 10 59 44 66 20 66 68 81 54 13 46 47 27 30 78 99 13 41 
2 56 49 92 1 10 74 43 97 25 19 59 16 58 69 17 51 78 11 82 61 86 20 43 78 57 94 58 31 44 36 15 5 23 43 60 92 58 17 81 23 51 18 97 29 35 94 81 57 19 6 33 85 48 77 60 23 92 19 79 9 76 13 10 84 75 0 27 83 8 19 43 85 11 74 39 23 43 41 14 90 68 47 75 32 19 71 57 65 67 84 69 73 39 41 72 64 47 64 85 
62 55 54 81 20 25 55 50 70 55 10 5 81 21 48 99 88 76 61 14 55 7 39 75 7 37 58 63 84 92 16 26 72 24 69 99 35 26 21 26 67 42 17 26 34 83 52 35 22 22 55 94 93 82 63 82 17 39 25 64 54 68 26 82 49 2 0 25 15 57 41 34 2 1 30 69 35 69 67 45 69 94 45 51 80 8 36 74 38 4 82 46 58 81 7 16 86 1 27 66 
15 2 5 84 18 22 66 81 1 7 0 65 79 83 3 55 28 11 1 75 92 56 53 99 21 83 32 1 99 97 50 91 0 98 78 46 16 27 19 28 63 38 61 1 32 49 53 31 88 29 40 77 60 12 11 61 75 32 7 42 95 63 81 16 9 20 53 65 23 32 38 92 55 12 53 92 97 8 99 91 85 77 92 11 13 19 42 65 27 38 38 12 39 62 17 45 20 89 88 89 
88 11 84 14 21 24 16 49 2 73 62 31 50 20 2 74 43 49 84 23 22 53 27 94 18 54 0 70 18 39 9 69 51 70 35 86 78 15 87 53 94 51 76 2 24 92 8 2 72 39 87 39 83 35 12 35 45 96 27 66 65 16 39 91 75 77 53 51 18 3 0 20 50 79 94 42 55 47 19 35 42 52 89 64 3 30 64 86 24 3 7 98 29 75 33 13 17 22 45 75 
4 19 24 38 1 19 17 41 62 13 39 45 85 80 5 8 17 21 46 36 46 20 62 50 81 85 49 60 88 63 2 8 77 71 27 62 36 65 27 8 41 29 40 80 94 8 67 65 2 41 96 77 63 17 2 58 6 57 6 28 89 83 66 19 48 44 42 86 66 69 22 7 61 15 27 19 48 19 22 16 42 29 45 69 85 32 49 46 60 15 56 53 83 63 92 36 6 37 67 40 
96 77 17 53 98 99 66 47 53 53 4 61 92 73 57 43 41 24 9 21 70 63 87 34 51 74 84 99 42 26 0 21 85 3 7 84 3 58 27 52 38 50 24 51 53 38 28 69 90 86 69 49 76 46 47 45 68 84 98 39 61 64 3 1 55 82 38 22 65 75 8 58 57 75 10 64 92 66 90 81 41 1 96 76 87 91 20 28 35 57 2 74 2 50 74 15 43 47 5 8 
84 50 79 24 54 87 6 22 26 47 35 20 69 49 80 39 91 67 22 96 72 50 16 38 51 60 4 9 19 57 16 6 63 23 3 48 29 11 5 42 38 13 60 98 0 39 20 94 43 21 34 29 26 50 4 88 29 51 88 93 3 4 99 63 50 15 76 96 41 26 49 20 25 7 55 59 86 6 32 80 80 13 70 46 34 70 87 67 66 22 52 80 79 68 26 81 30 94 61 73 
70 80 63 76 50 85 45 54 37 82 48 63 74 47 7 1 91 84 27 37 70 17 87 58 81 30 21 82 99 66 88 83 93 77 51 49 26 79 91 4 50 59 84 21 3 40 58 20 14 67 5 80 16 92 49 79 40 29 24 7 24 21 84 69 70 86 38 32 33 38 11 29 51 90 37 55 26 51 65 96 78 12 54 34 57 16 94 34 6 34 55 84 46 58 41 45 24 2 94 69 
94 49 31 57 88 26 85 89 37 20 74 61 84 49 16 49 89 0 78 84 92 72 86 61 48 90 19 25 0 49 5 60 6 80 69 16 65 7 89 26 5 96 55 46 55 97 53 38 75 1 21 93 29 67 2 69 87 35 42 62 65 80 73 21 72 12 47 70 45 74 93 64 41 6 86 25 41 40 43 24 59 22 7 29 41 7 37 66 59 31 67 44 80 74 84 92 37 68 84 90 
80 26 58 81 94 26 70 36 75 22 44 93 55 75 25 28 78 5 9 90 35 22 48 63 60 39 5 60 89 84 95 45 47 24 22 78 23 4 46 56 55 16 99 43 52 52 21 62 77 68 84 34 27 99 74 46 14 80 84 74 83 40 66 79 82 22 47 75 61 5 20 97 1 22 96 63 13 22 48 42 37 0 44 46 88 94 66 26 6 59 52 62 87 97 80 68 40 6 35 12 
11 69 27 11 88 34 75 93 7 68 87 13 76 34 19 57 10 23 74 72 91 71 91 8 10 90 49 27 38 23 44 80 90 46 35 13 17 10 91 25 81 46 84 91 70 61 23 21 60 11 52 18 81 1 64 16 32 0 21 74 15 10 45 92 82 70 80 97 48 1 82 74 85 97 21 96 56 37 51 44 79 25 14 72 14 67 47 9 8 22 76 95 68 38 22 16 50 80 26 53 
92 20 68 73 75 0 40 16 26 42 47 83 15 13 46 12 83 44 36 96 67 24 26 47 52 35 10 36 27 96 74 42 25 41 15 43 88 83 23 10 27 89 2 54 55 68 27 52 39 5 39 41 12 58 80 58 76 94 63 24 24 51 86 64 8 3 8 53 96 19 45 39 68 49 62 84 31 60 72 73 24 16 85 60 20 17 48 91 76 33 80 40 90 20 27 18 29 31 15 66 
78 54 14 35 12 91 50 63 44 72 27 99 2 71 76 89 43 40 39 12 79 67 9 59 48 92 93 46 99 23 16 93 23 55 6 34 80 6 38 25 74 61 71 82 66 62 5 15 4 11 26 23 34 5 15 14 63 29 45 86 19 94 44 65 94 23 92 72 16 86 51 63 36 1 48 18 60 71 45 16 3 59 83 65 80 85 12 57 6 77 9 83 49 96 9 3 24 44 46 56 
91 15 91 89 91 75 34 66 55 45 14 86 45 55 48 14 50 70 61 92 90 60 79 85 4 70 77 43 93 81 76 32 29 74 79 99 2 76 37 28 48 57 18 6 46 19 91 14 31 88 74 43 67 8 46 76 56 23 90 45 16 7 80 78 84 2 51 44 78 10 33 38 22 76 7 11 58 48 18 80 36 28 80 85 96 35 65 75 6 51 42 53 17 40 31 47 25 35 60 62 
31 96 26 1 54 99 51 23 75 13 96 66 0 73 85 19 14 28 62 7 6 19 44 98 29 78 29 90 22 70 72 43 16 59 93 60 11 18 33 48 68 2 92 26 52 99 82 25 92 92 24 64 3 46 83 98 56 29 42 65 27 66 69 28 61 9 32 25 50 51 84 83 11 12 8 17 8 47 80 75 15 2 71 42 66 16 69 23 13 44 71 98 88 43 49 17 35 97 52 78 
19 48 22 40 88 18 75 67 43 16 34 25 71 18 91 9 86 9 25 30 85 23 78 19 8 82 62 57 82 19 86 36 57 16 74 19 56 40 25 75 90 70 15 51 23 9 0 1 84 66 55 30 67 74 97 58 47 26 3 86 49 16 36 87 92 96 56 8 47 10 54 75 36 66 45 48 7 85 18 53 31 18 47 53 28 18 22 19 90 79 83 58 65 7 36 55 46 83 60 46 
64 5 26 69 30 55 59 33 36 77 93 46 60 66 1 81 8 54 83 76 13 42 64 82 90 24 85 68 60 73 98 26 56 44 69 66 76 49 45 74 62 82 41 88 95 65 73 19 58 90 75 35 47 6 21 90 99 76 46 21 37 86 62 97 6 28 76 42 33 25 67 27 8 86 78 63 15 67 27 23 35 50 89 42 17 95 82 25 36 82 21 15 35 7 97 20 75 67 41 44 
53 49 45 99 43 80 48 55 89 20 47 33 34 35 19 79 2 25 19 61 22 74 69 86 2 47 89 86 67 51 53 22 81 24 75 88 6 0 0 51 44 33 34 81 96 20 56 63 75 41 24 16 85 96 86 42 11 78 15 98 53 80 73 94 49 3 73 40 46 31 8 76 1 77 66 14 96 62 24 81 96 18 1 99 92 37 32 23 62 69 96 47 18 96 55 17 80 44 3 88 
83 0 86 26 35 48 73 1 23 96 11 59 52 89 38 38 84 60 3 76 38 15 2 46 49 93 89 51 55 62 77 56 12 43 40 97 43 43 69 98 68 34 73 23 83 48 8 81 12 14 87 50 88 41 55 27 10 39 61 56 13 65 23 83 38 13 80 57 85 13 80 45 0 32 30 38 26 90 61 59 97 18 12 65 43 29 21 74 7 76 25 99 83 26 86 63 68 69 12 9 
40 42 84 38 91 27 34 4 5 64 98 30 71 72 98 41 0 29 22 26 50 66 68 50 85 44 88 10 55 19 78 58 12 75 7 56 92 98 38 25 67 52 72 64 5 24 38 70 6 48 21 73 23 76 37 43 94 47 43 25 22 48 81 85 31 51 56 36 24 70 24 4 17 29 13 90 75 63 82 47 70 23 69 93 55 87 54 23 78 92 37 92 70 82 57 31 50 2 55 98 
82 77 9 23 87 31 39 20 2 56 51 70 56 85 64 83 78 58 98 34 63 62 44 87 2 32 78 83 44 25 43 14 71 37 10 56 60 22 13 21 46 51 34 41 19 26 53 26 31 57 85 55 30 1 54 33 67 15 12 92 15 74 42 80 2 42 5 88 16 31 78 11 6 73 13 29 40 67 32 28 62 69 95 72 86 86 69 79 85 61 59 13 87 72 23 8 92 26 76 39 
56 10 0 64 55 57 6 42 18 90 13 76 29 84 40 71 61 16 12 89 15 13 87 7 41 60 38 65 69 75 33 28 4 9 90 5 45 51 27 91 18 42 24 81 57 40 64 77 7 55 15 83 94 24 60 66 17 16 23 36 96 81 22 17 11 6 72 14 27 80 62 90 55 56 5 40 53 57 48 50 69 96 30 65 65 24 42 26 78 75 95 29 13 82 86 0 50 4 22 86 
65 15 54 53 6 2 85 1 91 58 98 85 18 21 57 95 9 23 66 51 44 33 20 36 70 28 1 74 16 40 32 11 64 36 83 69 34 7 70 99 55 83 23 84 44 49 80 84 49 9 90 48 93 51 79 68 52 46 75 75 34 5 42 23 0 71 97 94 64 27 81 60 6 48 64 81 64 53 27 29 86 48 79 58 26 48 5 27 90 45 80 39 11 59 8 15 56 93 4 51 
76 47 27 22 76 18 95 17 53 71 14 82 55 82 26 25 70 72 44 95 86 72 56 9 20 50 34 99 61 49 48 42 73 46 26 50 68 64 86 0 40 34 1 47 69 3 21 97 39 0 58 45 80 59 7 94 85 27 72 71 10 68 37 93 52 64 84 56 31 70 43 10 16 70 37 16 16 41 58 90 41 3 57 69 61 78 5 43 25 97 95 82 44 89 79 9 96 38 83 44 
52 33 68 94 23 0 12 64 87 42 60 91 73 81 3 10 49 14 18 69 45 60 85 70 79 28 82 62 82 63 29 33 60 28 64 6 33 7 35 56 83 30 51 26 91 27 70 2 11 66 82 31 12 49 44 89 34 49 82 60 77 31 68 33 22 7 98 32 39 35 35 8 79 3 82 17 6 32 84 27 19 6 97 48 47 87 54 20 69 57 88 14 6 95 2 70 47 66 72 65 
25 57 14 92 24 11 79 97 87 44 52 22 19 23 64 47 29 62 13 23 89 39 98 5 49 70 46 57 55 82 49 32 66 8 66 96 42 9 25 65 61 44 30 47 65 12 13 93 63 55 35 81 70 55 85 86 77 64 28 30 65 74 29 99 27 48 94 96 92 34 72 23 45 71 22 42 17 50 42 82 77 77 50 32 27 50 50 42 55 49 28 8 78 7 8 64 31 70 85 55 
14 97 72 77 47 25 48 6 44 91 13 86 86 96 5 30 53 75 92 64 66 90 42 97 65 92 82 1 59 57 77 22 85 58 41 36 66 70 80 89 21 1 24 41 67 81 24 52 44 26 10 15 91 82 14 91 39 49 47 80 78 89 89 33 25 53 27 12 90 99 34 25 65 23 2 90 19 23 86 26 7 80 38 22 61 46 36 3 51 42 96 13 21 74 53 76 57 99 47 53 
32 95 78 39 64 78 38 46 67 46 17 67 86 24 71 86 37 64 84 33 30 20 87 46 36 49 53 26 50 51 11 11 64 75 96 7 17 1 26 89 54 66 56 45 70 90 73 11 66 82 83 65 43 34 13 98 34 45 89 13 75 17 0 73 45 77 53 56 61 68 25 71 21 96 95 46 51 86 3 37 89 40 3 38 99 52 67 52 80 55 9 83 81 78 59 32 60 7 95 3 
75 36 23 80 63 75 39 79 64 37 27 72 2 5 69 45 78 55 35 97 65 30 41 5 24 61 30 80 20 65 87 17 44 71 44 72 65 4 74 4 86 6 0 27 60 5 18 98 39 30 7 29 38 54 33 99 63 38 91 17 90 41 42 20 64 88 8 10 3 45 73 5 96 6 50 88 8 64 36 61 43 13 37 40 2 71 14 72 71 94 80 75 26 25 86 85 98 76 71 55 
44 56 88 45 87 92 2 5 13 71 61 54 61 49 47 97 54 50 58 54 55 88 75 57 43 33 29 7 22 69 17 43 13 57 88 14 55 64 10 98 36 0 8 13 6 97 20 1 45 94 26 55 99 60 79 5 46 7 98 68 85 50 99 10 57 26 87 18 3 34 63 29 60 98 44 29 29 93 7 25 21 95 59 12 97 95 32 29 62 89 1 2 43 7 99 27 17 41 87 50 
11 27 17 25 26 66 87 47 55 82 94 43 15 10 16 9 47 24 69 6 12 78 93 30 91 45 2 8 20 38 2 90 96 78 93 49 98 2 0 63 20 58 28 99 85 22 0 86 53 51 96 55 71 3 16 60 66 79 89 63 87 47 98 5 86 31 73 38 31 97 31 97 95 24 57 75 79 11 69 70 96 96 80 94 8 19 57 16 80 65 74 41 30 94 86 81 48 79 47 60 
38 8 76 49 29 61 29 53 72 18 26 74 96 92 89 45 46 46 52 81 84 44 71 94 48 3 93 56 55 25 93 91 22 82 79 78 9 95 88 90 25 42 90 62 48 10 56 2 2 96 89 52 2 63 91 13 1 20 1 23 55 49 65 6 44 63 36 25 0 65 15 75 26 15 99 54 20 39 47 91 80 78 36 86 67 82 77 88 39 91 33 94 71 76 42 87 55 23 87 22 
37 88 52 33 86 61 68 90 22 9 91 44 43 27 9 53 55 74 43 49 99 19 33 68 31 77 39 84 28 95 60 17 97 54 8 63 41 33 65 26 36 99 20 99 80 40 45 45 77 54 28 25 48 41 25 63 72 68 2 50 99 74 96 46 64 73 59 63 16 46 38 41 18 58 63 58 66 43 54 76 22 50 8 20 72 15 81 17 6 41 42 73 55 17 81 64 29 93 14 39 
27 41 19 68 1 56 14 63 38 23 37 44 85 2 23 69 83 0 25 55 16 1 71 80 8 6 24 81 92 8 75 93 49 89 88 55 88 36 67 92 87 61 39 34 3 95 45 50 18 13 61 21 27 99 97 69 99 23 46 91 26 28 52 70 47 22 74 10 92 18 80 57 62 35 90 86 83 56 46 69 69 0 10 47 6 28 64 2 56 40 81 43 11 69 79 13 72 0 55 21 
33 71 47 44 38 80 68 56 78 94 62 43 51 68 74 48 58 59 12 16 62 91 51 36 66 93 62 8 41 12 24 99 70 38 22 40 13 32 0 92 12 92 97 56 9 21 70 30 99 12 82 51 94 10 23 96 88 42 68 37 22 73 26 9 4 11 63 0 72 83 25 53 16 82 51 60 70 20 35 15 48 47 12 79 20 52 12 93 45 35 33 89 74 27 83 99 42 54 25 85 
97 22 73 29 63 4 61 11 27 60 47 48 33 73 71 47 63 38 20 24 80 69 88 56 81 83 5 41 69 84 96 59 88 69 47 54 32 79 89 36 23 25 76 57 23 73 0 37 3 15 94 1 73 19 67 98 53 72 46 91 5 56 60 86 40 66 71 53 76 38 4 64 31 64 1 25 30 11 65 63 81 27 30 92 85 73 69 15 87 90 12 57 13 39 37 37 2 87 49 1 
90 21 35 95 75 20 49 58 1 28 36 50 25 11 8 85 12 95 22 38 74 30 58 70 97 80 11 50 18 35 37 32 43 53 12 65 42 65 2 74 29 43 11 85 54 65 24 83 93 94 90 40 60 7 51 11 2 3 98 67 83 39 3 92 75 29 97 78 40 64 87 18 78 20 92 98 13 84 22 84 41 93 2 93 81 69 13 16 48 80 82 69 21 21 31 86 37 93 85 9 
35 75 12 18 19 68 41 51 69 89 26 62 75 57 84 9 98 56 43 9 90 24 75 67 45 4 57 2 18 2 36 39 16 25 37 21 32 42 92 78 47 30 80 21 88 29 61 0 67 73 93 61 65 62 26 83 59 33 97 52 49 87 73 80 66 27 70 33 38 6 72 49 31 18 41 11 16 33 93 49 59 83 59 38 44 98 45 3 90 18 83 28 35 28 58 52 87 95 35 4 
97 37 77 68 92 25 83 39 98 1 5 10 74 79 25 18 76 81 77 53 91 94 96 81 87 45 78 75 7 68 36 79 76 21 35 81 94 56 59 96 18 46 83 37 74 80 20 70 49 70 35 59 2 61 98 80 58 75 57 40 47 46 61 50 84 61 38 99 90 2 42 27 66 91 53 91 0 70 22 82 90 74 25 18 58 12 3 13 7 29 83 9 83 26 82 65 4 66 78 69 
28 55 18 32 3 36 1 31 63 57 60 61 4 71 57 65 79 34 37 20 3 64 76 76 14 67 84 59 25 26 79 80 75 36 57 27 36 30 13 95 21 82 78 69 34 95 70 38 50 11 78 65 86 14 57 78 64 86 69 18 10 40 33 52 56 56 10 51 75 27 76 45 62 76 69 84 28 81 71 75 7 20 85 27 71 30 8 82 51 29 87 16 33 88 61 8 23 91 8 62 
4 34 6 58 63 99 7 7 16 82 98 21 13 0 65 7 79 65 14 30 77 74 36 46 35 27 17 14 83 10 37 2 84 60 86 38 92 76 50 58 92 29 90 88 85 51 44 93 41 25 59 64 6 89 34 56 70 92 54 32 64 44 60 72 82 99 2 65 4 90 36 77 96 58 15 92 2 1 25 93 62 89 92 65 59 40 43 9 66 95 93 95 59 53 25 52 4 22 65 87 
52 53 23 23 9 25 41 52 97 43 32 99 49 85 91 13 79 53 77 95 54 61 84 43 12 57 60 81 31 10 23 19 39 6 46 9 51 27 36 58 93 92 1 59 23 82 6 96 68 47 63 84 75 93 77 16 26 73 45 49 85 90 56 18 62 16 93 67 49 71 0 36 75 29 52 72 76 63 80 2 83 75 81 69 13 39 23 58 62 44 72 30 62 98 9 72 76 15 31 17 
39 10 33 79 47 29 85 91 39 88 56 22 42 12 54 62 18 24 69 80 3 75 85 57 66 50 24 9 58 59 46 31 31 43 32 55 4 92 20 56 20 61 48 86 85 62 28 94 25 51 29 35 26 65 76 78 40 43 46 25 12 1 37 65 38 78 59 95 3 18 90 27 32 67 63 56 40 62 26 19 68 68 50 75 63 10 53 60 32 80 15 87 93 24 20 66 55 71 11 9 
51 32 41 47 99 66 41 36 29 2 20 7 92 4 76 56 69 66 73 29 71 77 40 96 22 1 60 31 8 19 49 67 53 53 38 50 13 64 90 96 67 44 3 15 12 61 19 38 24 50 6 23 21 99 59 29 2 39 35 80 5 1 67 14 32 29 98 22 44 79 50 79 52 36 41 23 57 26 87 16 2 41 74 7 89 17 46 23 34 66 10 81 23 5 91 66 73 73 11 0 
35 74 57 92 44 25 23 27 90 88 56 55 60 47 47 29 20 83 35 61 37 78 29 94 50 64 43 38 16 20 59 76 4 54 83 84 97 51 53 10 52 57 2 28 53 37 11 57 1 94 0 90 92 96 85 26 45 57 85 20 56 70 32 61 75 5 64 39 48 50 16 78 90 48 29 0 22 74 32 10 29 89 8 61 67 3 88 78 9 72 36 98 49 84 76 53 14 25 68 77 
32 87 10 53 57 89 77 18 70 82 64 98 39 88 95 31 57 43 63 98 81 77 51 69 9 85 14 70 90 22 96 53 34 85 53 80 17 57 19 93 19 81 70 47 72 88 24 56 10 57 83 90 14 21 20 93 1 89 86 49 86 14 46 29 69 32 75 87 5 67 89 36 49 20 66 6 12 31 97 32 71 76 39 78 60 92 94 6 24 8 15 14 87 0 19 99 7 9 26 57 
62 83 57 68 1 75 48 7 50 72 45 91 4 64 2 2 18 92 93 7 56 51 39 9 88 21 44 96 8 59 33 28 39 14 25 77 3 48 64 37 50 40 64 64 64 46 26 93 56 35 65 38 9 50 45 29 91 66 84 24 25 86 43 54 61 79 27 51 74 41 6 38 18 13 18 56 0 5 14 0 87 80 30 5 12 35 37 60 36 0 2 18 98 90 50 12 91 6 93 17 
59 77 54 68 63 46 68 75 80 21 86 59 63 95 69 89 57 32 0 36 40 67 92 92 94 64 29 62 70 8 25 41 93 48 32 72 44 3 8 65 67 2 42 90 75 97 28 6 55 92 32 14 95 53 81 20 70 32 8 87 42 36 18 89 33 3 84 86 83 29 63 38 77 53 98 4 56 45 56 3 42 95 86 70 96 60 60 51 37 8 27 57 62 90 36 62 95 53 66 94 
48 47 25 9 55 1 86 95 81 76 29 74 16 86 26 31 48 31 23 5 36 38 42 58 23 79 39 36 86 71 19 99 16 90 87 67 1 43 22 77 63 72 96 5 58 0 33 83 30 59 57 34 95 29 25 99 92 58 23 18 34 23 65 98 3 36 35 68 70 61 2 19 58 27 63 93 79 1 37 92 27 7 86 97 65 49 32 40 46 59 12 22 97 7 74 0 28 75 27 36 
11 42 6 41 93 13 76 34 45 18 84 79 67 23 98 87 22 27 68 97 32 94 34 62 16 15 0 2 92 43 17 67 63 59 94 50 72 80 42 63 12 38 0 88 49 63 81 68 35 54 15 1 75 52 13 91 62 61 45 59 30 50 91 93 19 86 79 8 5 90 32 18 61 9 31 46 81 64 20 8 60 83 10 10 38 68 37 65 60 95 27 74 87 90 0 49 35 22 83 61 
9 82 56 69 32 44 99 67 12 37 33 43 12 92 38 94 58 18 62 8 61 25 80 70 82 98 64 8 86 59 52 10 43 9 17 29 84 14 50 85 30 43 37 13 64 91 29 14 47 95 45 15 39 53 87 92 8 87 99 10 41 90 72 7 37 30 87 42 38 19 39 21 98 48 17 93 12 52 33 50 92 66 4 84 90 45 12 72 97 16 20 99 55 98 21 60 31 89 34 60 
37 56 38 83 21 2 51 64 75 69 49 1 50 44 24 49 71 92 35 58 24 21 9 58 12 59 49 92 6 3 94 35 14 80 3 31 75 65 25 42 97 4 52 89 56 87 26 47 62 83 52 90 70 50 45 37 54 50 30 20 14 2 67 54 29 43 70 44 78 39 81 79 15 12 76 16 51 97 25 53 30 33 43 87 90 32 77 22 39 5 83 41 18 29 21 10 61 57 59 55 
57 74 33 63 85 74 28 11 82 89 36 45 72 50 32 62 45 70 47 70 91 87 44 72 50 37 88 67 18 99 38 53 42 30 59 85 90 1 36 50 6 56 9 1 4 10 99 43 6 13 0 77 87 21 29 20 24 56 64 21 61 36 59 8 10 77 1 10 39 65 76 1 51 33 91 39 0 10 68 14 18 56 44 71 63 93 6 12 17 97 81 7 46 1 54 80 72 33 70 66 
59 66 72 79 20 36 61 45 27 45 11 43 96 3 24 19 78 50 91 23 92 80 68 99 16 48 40 15 17 93 38 57 39 1 96 25 58 26 97 75 75 39 89 85 34 70 10 22 80 69 80 86 75 38 51 35 72 3 11 79 72 62 81 87 59 57 72 95 48 74 78 55 57 9 36 86 61 22 11 56 11 52 21 53 6 14 60 60 41 78 16 89 42 59 3 95 54 87 4 69 
51 28 80 15 44 2 9 36 19 98 0 61 68 66 10 60 98 64 17 90 72 15 52 85 2 44 76 27 48 2 80 43 30 84 43 21 96 22 45 52 88 14 12 17 74 4 92 99 3 21 16 41 37 88 94 91 37 93 4 29 94 78 69 1 26 47 12 7 35 74 95 69 55 35 50 71 39 20 93 45 80 64 48 32 3 97 37 87 71 23 55 86 32 15 53 46 86 68 89 78 
35 21 26 9 81 67 84 77 35 65 22 31 98 13 32 20 55 32 23 0 67 65 33 82 93 46 70 71 99 76 15 77 96 87 24 78 2 65 17 89 87 15 40 6 96 41 62 1 40 51 43 84 66 59 39 76 34 62 66 16 25 9 62 82 75 25 20 5 93 22 13 32 47 11 17 39 59 54 21 35 95 5 4 9 47 94 35 93 67 15 43 13 99 21 99 39 87 18 30 70 
70 84 3 34 54 20 47 89 74 83 97 90 43 7 96 0 63 65 91 30 94 22 43 9 98 8 96 1 38 6 49 73 26 2 89 90 77 70 65 63 6 25 42 34 5 60 90 64 9 16 1 53 78 58 68 78 73 44 87 56 89 93 59 2 57 77 34 6 3 85 58 24 91 62 72 74 20 36 74 67 86 0 63 62 69 59 61 38 81 83 38 60 94 48 19 28 2 48 99 48 
13 50 0 89 72 53 39 83 21 95 84 59 38 84 39 99 76 93 82 34 85 21 51 73 65 62 10 13 6 39 78 25 10 81 38 58 38 67 23 9 96 30 4 9 44 76 23 70 98 21 74 94 26 32 89 26 34 92 54 35 56 82 68 13 23 80 44 55 76 18 40 0 92 92 3 5 96 33 42 89 24 98 31 66 16 74 15 52 28 53 28 94 13 54 25 59 36 89 98 55 
91 0 3 40 14 30 95 59 60 86 56 2 37 73 60 53 74 42 27 55 59 89 24 76 77 78 10 13 92 35 68 52 86 17 58 84 53 18 13 99 69 15 20 62 6 25 17 40 29 81 88 39 4 40 47 88 55 86 13 61 92 47 66 28 10 51 82 89 30 94 73 40 6 9 60 56 26 94 43 39 80 78 22 84 59 75 87 85 31 91 55 92 91 75 24 84 51 96 52 51 
52 90 4 83 89 34 31 42 50 80 56 10 4 33 57 65 43 89 13 16 95 84 29 66 38 37 22 40 72 92 79 66 20 65 84 52 42 37 21 46 22 48 29 65 16 90 53 99 37 6 14 77 8 97 86 11 36 77 53 39 41 85 34 2 57 38 75 87 2 75 51 33 41 53 46 8 73 6 66 6 40 11 25 20 77 79 45 58 50 30 27 39 36 41 95 62 45 96 20 16 
9 50 7 3 32 15 12 22 70 80 53 6 81 51 61 16 11 53 28 45 32 32 37 22 6 32 33 20 85 80 10 54 78 41 6 60 42 15 73 84 80 25 36 59 7 34 28 23 97 87 50 42 25 43 60 21 46 40 19 86 43 32 23 2 98 40 32 75 12 28 31 18 15 31 4 92 27 97 37 19 93 30 63 90 29 20 18 56 50 63 91 5 3 84 14 81 64 84 38 94 
1 90 68 40 26 32 42 71 41 70 87 33 99 4 82 1 37 78 85 67 26 40 52 28 76 30 55 96 81 20 34 27 66 34 46 81 6 44 36 62 0 48 60 85 56 52 21 22 97 97 48 45 87 92 38 73 95 28 70 42 92 40 6 59 51 83 80 95 22 21 40 70 52 16 51 74 12 83 95 71 48 17 78 71 21 82 81 30 84 97 59 34 82 17 96 74 55 61 97 20 
15 1 68 35 35 24 72 94 54 59 17 34 55 75 29 46 87 18 17 92 26 82 46 3 78 30 86 27 71 17 43 81 0 0 70 68 6 15 83 87 47 51 29 4 38 67 4 83 21 52 42 19 93 57 95 70 46 7 18 12 82 26 77 26 98 72 28 83 20 62 29 14 59 75 44 5 40 15 51 61 1 17 89 11 14 60 94 7 23 21 70 23 61 96 75 19 73 91 24 62 
15 63 0 27 0 92 70 68 29 41 6 67 40 88 88 68 77 87 7 74 59 19 17 57 71 91 93 43 60 72 69 26 91 48 69 61 21 73 52 59 34 24 17 80 97 53 0 29 93 29 83 82 74 65 67 18 1 76 39 39 4 8 75 31 73 5 28 70 48 71 92 16 3 9 48 33 2 45 54 35 95 42 20 97 31 63 28 74 62 38 69 63 56 70 86 68 73 52 50 32 
46 44 67 76 75 98 79 10 59 7 76 30 79 38 31 5 31 66 4 0 91 98 87 95 41 6 78 35 62 3 85 40 54 34 14 83 51 89 75 47 81 95 28 62 24 30 13 11 86 1 35 10 12 30 14 63 58 80 95 30 1 98 75 10 52 61 72 49 51 78 10 4 56 42 64 83 6 21 8 39 11 77 89 46 44 81 84 87 80 29 9 22 9 3 2 10 62 83 76 21 
85 84 81 88 7 59 10 76 54 43 78 0 30 77 70 29 60 16 18 2 22 72 28 51 63 52 68 27 78 46 96 53 92 91 97 0 71 2 89 67 24 25 98 28 45 33 14 42 59 1 81 33 37 70 25 89 62 1 24 3 68 65 99 99 98 43 80 89 87 8 89 82 27 22 91 37 57 17 54 11 62 59 23 56 53 61 2 15 31 36 70 32 41 73 53 84 88 81 8 88 
40 20 97 18 0 18 67 0 48 86 56 62 16 10 10 67 73 67 64 78 50 39 17 95 49 45 22 35 69 4 35 92 49 62 99 6 34 25 81 73 38 35 86 24 58 70 89 49 74 84 48 63 58 53 99 24 47 33 37 18 74 40 99 40 79 38 82 52 50 16 5 0 55 72 6 29 16 16 55 40 71 50 52 56 51 15 95 74 67 69 65 31 90 81 23 63 2 61 94 58 
19 58 91 44 66 54 82 81 73 52 54 26 89 87 46 13 83 24 33 19 15 98 31 48 66 12 6 10 93 22 56 69 42 84 43 23 79 12 40 16 37 8 81 52 59 27 29 64 95 40 89 17 68 39 0 75 5 13 38 49 5 26 78 61 7 49 45 71 79 22 10 45 78 14 12 46 54 8 64 71 58 51 92 49 81 93 96 53 36 90 18 4 29 51 45 18 93 73 33 13 
22 41 51 45 81 25 39 24 86 20 17 35 30 10 48 79 80 2 15 97 43 81 30 14 34 28 1 92 5 68 24 89 71 31 23 33 29 90 70 85 42 62 83 24 23 24 14 63 65 57 14 25 69 17 38 9 91 22 95 34 2 47 80 30 31 43 81 90 60 56 61 86 15 75 58 46 82 1 66 68 13 23 83 55 46 22 58 3 49 87 1 5 5 77 18 86 81 94 51 7 
34 27 52 67 40 50 2 9 67 10 25 91 72 14 80 8 68 53 19 65 96 14 33 34 21 90 67 23 6 22 56 75 72 71 31 24 94 83 75 60 65 46 93 9 97 17 91 80 44 89 35 15 27 75 97 46 83 47 5 30 34 38 16 85 50 53 34 5 88 54 69 81 57 97 28 51 21 36 6 63 49 75 99 60 78 23 71 48 15 35 62 83 64 99 52 2 67 28 14 74 
83 52 8 90 10 20 60 72 11 15 11 92 45 13 55 62 27 48 25 39 64 70 12 9 36 71 50 94 48 84 73 54 74 76 16 76 17 90 79 43 80 47 24 0 84 42 64 99 55 61 1 62 2 97 49 22 67 72 27 97 8 66 61 18 34 75 81 30 61 19 48 19 47 0 64 60 43 83 0 40 25 43 38 58 91 55 16 24 13 58 35 18 20 17 44 94 39 67 92 82 
83 8 18 13 5 20 47 46 90 29 53 5 30 92 72 75 48 44 33 36 1 32 91 99 11 73 4 26 8 27 67 62 15 56 87 21 54 69 89 2 16 97 29 98 13 47 39 61 20 92 76 98 4 74 41 54 70 67 71 81 34 28 28 3 12 87 2 95 33 14 38 78 38 99 18 14 52 29 75 3 5 56 96 70 65 12 35 64 73 90 59 13 52 0 25 45 19 57 59 3 
91 72 74 88 59 9 91 98 35 1 80 90 27 55 35 31 69 15 51 49 23 30 31 60 35 41 8 28 39 15 2 36 15 34 9 90 12 61 32 83 24 3 54 15 3 2 77 82 8 98 3 64 76 4 95 47 30 2 59 27 33 4 27 71 70 72 23 70 48 18 44 54 52 55 97 4 73 4 56 44 13 89 34 3 18 87 78 22 62 40 28 92 52 97 74 4 55 2 24 24 
80 73 45 50 30 90 73 57 96 29 57 55 61 92 19 24 18 87 58 49 91 93 62 5 5 25 40 51 51 53 24 82 44 45 70 30 71 51 11 44 28 77 12 39 95 92 4 28 11 68 90 11 88 77 73 51 55 84 27 80 41 28 32 43 31 14 31 37 70 90 41 99 83 5 5 46 40 48 28 15 15 95 50 81 30 82 73 22 63 62 60 14 82 11 18 10 90 88 97 4 
21 8 24 68 90 0 33 38 55 69 99 24 10 23 59 51 68 50 5 42 5 80 12 31 42 99 92 56 64 8 10 15 96 48 53 25 12 78 42 69 45 2 21 61 97 69 87 65 95 28 47 74 88 81 37 21 92 63 24 89 82 69 3 42 8 98 54 50 31 48 94 9 17 79 66 4 36 79 23 55 74 45 75 51 5 73 5 69 45 23 20 88 99 0 84 9 9 59 21 97 
19 81 67 50 92 72 6 34 46 95 35 69 82 39 95 41 75 25 34 42 56 40 14 71 28 87 18 23 94 10 41 85 9 77 55 38 90 34 9 67 31 53 76 78 62 28 48 16 75 0 94 30 86 57 44 20 73 48 75 85 96 71 37 37 21 65 1 3 46 28 44 91 25 47 44 7 71 40 38 20 4 22 0 71 71 90 77 92 25 95 52 12 54 47 99 78 34 64 60 63 
97 63 77 94 50 39 25 32 37 50 6 60 19 80 51 95 85 40 13 43 36 98 54 37 21 81 82 40 17 26 10 88 90 89 41 3 18 49 13 17 95 74 18 54 4 52 29 80 47 45 84 37 47 59 4 19 16 97 70 23 97 64 70 3 46 40 37 15 34 55 94 9 22 44 11 52 94 85 33 94 79 96 22 70 58 42 73 1 4 99 15 26 91 17 80 83 24 24 59 62 
89 3 27 14 65 33 90 7 54 44 7 59 14 54 23 41 25 33 83 10 89 32 69 59 7 53 60 94 93 95 73 12 37 97 91 18 53 28 17 79 3 99 79 45 55 65 83 91 58 54 37 31 14 23 80 28 76 36 46 50 29 19 73 73 19 67 16 66 81 93 62 59 18 9 61 50 83 48 98 24 32 84 87 32 64 41 0 46 54 55 58 88 47 72 21 84 1 43 77 86 
54 68 20 44 66 63 45 48 17 3 28 52 73 64 33 1 66 33 42 60 22 65 28 32 71 76 76 58 7 80 98 26 20 10 91 71 40 75 8 75 82 75 33 87 65 97 59 81 53 27 84 24 84 78 72 58 99 65 30 43 48 27 23 21 98 83 2 6 87 59 72 49 50 19 70 12 85 47 65 66 64 91 39 93 31 71 59 94 0 82 75 91 33 62 40 92 49 97 83 22 
16 55 10 77 92 68 97 49 33 6 31 70 48 78 88 54 84 79 99 87 21 84 34 90 54 28 21 83 72 6 61 30 91 30 79 82 24 0 72 84 32 63 53 30 25 11 5 72 18 3 58 42 48 6 97 95 30 90 90 18 12 9 96 76 95 44 49 45 3 73 81 78 31 97 11 98 58 98 0 43 66 33 46 47 73 92 52 36 37 78 48 81 16 19 80 74 77 57 74 62 
93 23 46 58 2 21 1 81 15 56 47 66 52 27 93 10 97 66 85 43 45 15 49 4 41 90 37 77 4 54 88 53 97 92 53 26 3 37 32 9 10 44 56 15 55 33 41 91 28 97 49 81 7 21 26 74 18 24 92 73 37 13 45 21 60 74 56 80 25 15 30 60 56 70 30 92 48 93 84 5 81 32 96 89 10 45 0 32 16 33 63 22 23 45 44 92 2 36 38 29 
10 47 37 67 80 18 41 78 58 49 61 53 44 96 10 73 87 26 65 6 83 40 75 83 39 19 0 76 14 95 83 77 91 87 43 86 11 85 60 17 6 0 31 24 47 91 8 75 5 68 75 40 2 13 81 21 49 65 79 2 28 74 39 72 95 57 22 21 60 11 25 25 67 75 32 55 28 31 4 77 50 36 57 1 34 64 99 72 40 10 60 90 53 77 22 26 35 33 28 99 
69 14 3 89 10 65 87 9 63 44 80 57 30 57 90 43 78 86 15 40 25 75 7 75 5 84 12 58 18 89 67 65 94 24 62 31 58 86 32 33 37 64 46 71 50 51 72 4 43 82 43 65 75 75 32 47 3 24 21 53 41 27 90 88 29 52 34 77 60 18 19 26 77 77 52 73 34 35 14 9 8 64 69 91 83 86 27 84 44 0 93 71 23 10 33 49 75 14 20 20 
56 70 52 73 80 6 73 89 29 83 40 38 98 93 8 29 0 48 4 79 63 29 8 36 45 63 80 23 74 79 82 28 73 45 48 82 54 92 84 81 12 38 94 91 41 71 3 0 35 62 19 52 73 37 6 80 39 5 31 1 78 86 85 68 36 72 5 45 46 18 99 79 10 65 32 15 72 49 72 20 20 19 49 2 90 30 64 2 0 84 70 94 43 92 58 78 84 77 40 73 
45 44 21 52 80 58 30 19 4 84 58 49 78 12 16 87 37 60 88 4 8 8 93 67 32 59 27 32 22 14 50 68 78 43 26 3 34 76 8 27 20 82 37 43 21 23 58 13 82 86 52 60 41 50 80 72 17 69 21 75 41 31 81 12 82 33 86 10 71 67 6 15 45 26 21 65 22 34 29 45 99 16 94 79 61 5 27 45 43 74 33 55 58 70 62 46 65 77 5 79 
87 80 76 83 46 77 18 16 9 49 66 63 65 34 52 72 88 70 15 46 98 8 86 87 12 5 38 26 46 80 55 27 31 54 55 79 96 41 68 97 65 38 90 3 3 4 96 89 3 31 34 82 73 49 71 93 69 0 4 32 49 28 36 70 79 58 93 42 74 69 79 77 3 31 68 85 39 99 28 48 9 38 93 54 37 88 78 63 14 49 99 27 71 52 21 60 94 90 60 61 
69 54 24 3 87 19 15 16 9 7 15 70 31 3 21 43 97 58 62 90 61 10 17 28 20 60 72 56 65 40 34 80 77 6 37 50 76 91 65 57 90 54 25 47 57 64 88 18 70 6 43 70 46 31 97 7 39 37 58 16 72 32 85 95 97 40 91 65 50 26 33 24 97 54 90 7 90 23 20 38 43 88 73 3 96 58 63 88 85 82 12 2 18 76 91 89 74 88 23 1 
14 32 83 49 24 90 74 82 99 8 20 10 13 73 40 24 60 65 51 15 50 3 28 83 31 50 50 0 91 59 31 46 32 50 59 19 96 63 41 3 39 9 7 65 52 75 60 75 14 19 17 15 69 89 72 91 28 93 5 14 5 36 85 88 23 74 25 8 92 79 87 43 23 12 55 52 35 21 49 94 89 17 29 42 18 71 38 33 53 70 20 76 15 51 16 22 64 71 57 74 
17 97 8 42 23 96 15 39 51 44 23 62 73 49 7 30 46 25 88 19 69 8 34 46 26 81 55 46 90 90 83 98 98 46 96 44 98 70 19 82 55 94 30 27 15 37 83 68 77 8 81 91 1 95 9 8 18 76 68 26 58 17 75 80 89 72 11 61 0 69 19 88 48 98 82 40 83 25 9 0 74 51 77 34 96 16 52 61 42 39 50 31 52 63 94 72 94 30 46 76 
74 25 47 55 5 24 28 23 72 92 82 53 10 34 0 96 91 81 19 62 95 11 29 1 11 0 78 77 22 20 23 10 84 62 83 29 39 57 42 34 35 70 84 13 60 77 74 1 50 32 19 51 76 46 1 11 31 65 48 24 21 87 0 52 89 37 91 43 38 56 70 34 80 95 44 78 13 17 87 4 56 69 2 24 94 79 90 43 1 17 45 58 46 22 31 59 34 29 19 21 
65 93 86 87 38 92 75 5 28 65 27 34 85 87 73 61 32 19 88 11 65 16 19 40 94 25 38 62 26 15 92 2 88 85 68 93 1 16 3 34 38 46 50 88 74 46 52 62 79 57 55 32 58 79 40 93 4 77 7 60 94 1 88 80 84 95 87 55 50 15 74 28 19 27 72 31 11 62 8 14 66 25 79 98 73 53 95 52 53 33 24 20 90 53 0 69 73 27 82 14 
89 2 47 69 18 88 81 70 79 84 23 26 30 35 85 65 62 14 47 8 92 65 40 15 25 99 5 2 11 66 27 14 13 47 93 55 24 53 94 76 83 19 31 22 83 80 23 60 96 63 14 6 82 85 39 85 31 61 89 67 28 42 25 99 75 53 74 75 0 95 25 24 18 39 46 50 44 91 82 85 7 67 27 10 23 86 1 42 70 57 62 36 99 62 80 89 18 13 93 69 
83 25 91 95 73 41 34 41 6 84 83 70 84 50 34 4 54 72 10 33 87 99 11 0 70 11 24 0 11 85 38 65 84 71 73 5 24 52 6 85 68 16 8 56 7 0 63 24 24 89 78 44 57 93 39 8 61 87 61 55 9 20 81 74 88 2 49 6 38 24 57 84 39 90 75 46 79 34 94 93 20 31 85 93 41 9 36 25 2 97 23 79 29 31 74 66 87 1 33 54 
76 41 33 99 66 86 34 22 93 27 19 88 39 37 75 5 30 42 1 69 90 30 42 36 43 93 53 59 80 28 68 72 85 48 93 42 6 97 99 94 0 52 82 5 84 55 60 8 98 85 18 12 71 80 50 22 14 74 34 58 40 88 65 25 74 17 13 45 19 26 17 48 41 7 75 28 64 46 48 62 49 89 23 80 29 93 76 40 95 38 18 22 14 64 66 9 38 46 17 91 
