57 24 14 40 16 26 43 70 26 28 96 35 33 51 25 35 64 70 61 31 74 7 86 91 20 0 22 42 62 67 7 57 27 56 34 51 56 10 95 16 65 24 28 17 9 5 7 63 31 3 1 20 14 28 72 30 66 21 11 97 11 78 20 12 81 63 23 83 61 14 29 27 8 44 32 29 48 60 5 76 15 57 97 41 78 8 52 40 26 10 95 24 99 44 21 15 53 99 41 43 
63 72 34 65 0 65 30 28 76 5 83 72 3 94 95 55 9 12 91 91 53 36 98 14 79 98 99 94 84 31 80 13 84 47 12 4 35 10 12 74 39 19 21 71 93 18 69 94 73 98 67 72 39 10 8 26 27 70 56 29 25 36 0 7 65 28 53 13 41 79 64 63 73 83 79 51 18 11 61 58 94 56 42 23 19 25 45 25 42 19 13 87 98 36 25 10 13 68 91 39 
89 89 76 58 11 31 70 70 56 3 78 50 85 2 90 71 65 12 61 11 85 61 70 90 99 66 79 78 17 80 44 92 24 27 63 96 4 65 84 10 91 1 91 43 18 78 41 34 95 87 77 88 67 13 80 76 1 70 83 3 64 8 11 58 98 97 44 50 29 13 99 37 14 54 42 49 88 58 66 10 62 74 39 95 61 14 5 74 48 41 91 12 24 18 43 51 70 79 37 58 
54 29 1 36 58 93 66 80 48 9 57 20 65 10 68 10 98 68 31 96 91 10 92 3 97 44 38 0 72 66 57 32 2 99 0 82 27 58 67 84 41 60 85 40 5 10 77 43 31 8 53 41 59 93 3 78 4 77 43 56 13 93 52 22 58 67 51 1 36 2 45 17 68 34 8 94 61 30 12 79 4 93 50 63 15 15 10 74 25 6 86 22 41 45 2 10 25 7 21 71 
37 19 4 30 21 47 61 97 51 11 23 2 84 75 52 68 4 75 63 98 63 78 47 89 75 45 19 18 68 89 68 25 59 87 40 20 79 15 64 83 99 0 53 67 63 7 70 13 5 57 44 28 79 5 86 67 48 97 15 68 75 8 91 83 38 58 89 79 50 79 86 2 6 89 13 68 27 95 64 78 39 54 3 10 56 23 79 50 59 53 3 20 20 89 42 17 81 31 79 39 
63 6 9 63 44 87 13 99 9 50 42 62 6 33 19 94 71 69 19 22 89 6 89 72 10 51 21 51 5 14 43 3 6 29 2 58 28 72 64 25 80 1 28 83 5 10 72 34 88 2 12 53 86 27 82 90 67 42 44 28 2 63 39 9 54 70 45 98 47 11 38 14 90 78 30 79 48 14 6 50 30 10 15 30 9 68 91 12 44 38 7 17 98 75 33 31 12 87 71 85 
60 73 43 69 19 4 36 75 21 47 1 72 78 82 1 64 90 90 54 40 12 76 26 66 4 61 83 46 3 92 90 33 72 76 51 0 36 63 18 15 13 28 97 94 35 93 56 48 71 0 77 19 36 87 61 15 62 77 15 2 44 63 68 51 59 15 2 17 33 36 28 63 59 82 38 82 97 52 86 98 61 82 98 28 71 0 93 52 25 24 19 15 43 70 79 95 36 67 96 65 
29 62 39 2 65 83 32 38 50 93 73 82 51 33 87 49 30 33 12 56 20 77 89 40 95 81 21 76 63 46 5 64 28 10 65 6 43 82 51 67 68 14 55 55 66 60 11 32 49 72 31 24 48 96 44 34 57 54 32 28 37 18 65 98 0 78 76 29 82 71 67 76 19 6 47 91 45 15 74 66 87 29 7 72 16 45 75 90 72 47 6 65 98 59 41 27 63 24 86 80 
78 95 53 79 60 22 80 84 94 31 7 11 96 6 78 4 41 73 68 37 44 75 82 60 25 52 99 6 97 36 29 59 98 69 11 54 6 45 40 47 97 78 76 27 18 73 38 76 10 4 10 74 67 87 84 69 39 97 40 0 7 60 83 45 51 58 11 90 63 47 54 16 79 83 80 78 50 26 90 31 88 4 53 40 91 86 16 4 99 2 93 9 52 74 46 44 56 0 19 3 
24 37 2 42 4 39 83 99 83 19 53 99 11 55 13 2 56 8 98 60 42 56 88 69 86 13 97 10 70 85 5 21 79 9 80 67 11 24 13 91 62 74 33 94 58 16 42 41 63 50 34 86 76 21 87 84 14 14 96 20 56 8 99 36 36 62 64 17 77 93 67 98 26 2 81 85 14 55 20 65 32 2 8 23 48 12 85 29 38 0 86 2 55 46 35 43 31 13 46 37 
58 10 35 96 1 80 97 95 2 89 64 58 42 50 88 21 19 46 42 49 14 95 93 3 79 18 8 11 86 48 39 27 44 56 46 97 7 7 33 66 91 77 52 72 34 42 90 92 16 93 49 28 22 48 92 61 79 56 50 76 20 10 29 6 6 50 24 84 54 83 53 92 88 88 97 26 31 21 47 34 80 28 32 14 32 5 40 62 51 5 52 78 39 39 57 48 50 61 94 11 
71 0 5 23 6 72 44 45 22 55 73 25 86 44 46 31 75 40 7 15 97 52 12 25 72 4 48 75 93 99 78 0 20 79 53 25 32 91 35 25 46 76 29 3 55 72 83 34 1 53 50 80 90 61 89 64 6 0 36 68 90 22 66 44 45 35 9 18 99 81 80 30 4 45 64 22 14 92 95 53 54 39 37 73 49 80 76 44 53 83 43 59 37 98 44 70 54 45 2 44 
39 60 21 92 19 17 5 90 96 60 38 50 36 58 56 93 60 62 27 49 51 74 3 32 8 5 34 80 74 79 42 65 31 90 0 14 73 72 59 69 77 81 65 58 68 26 8 94 55 10 35 3 22 84 70 90 45 1 19 40 57 71 55 59 24 10 20 74 35 59 56 73 36 98 90 80 33 60 43 50 71 0 20 62 86 89 74 59 0 57 51 55 16 17 47 28 77 5 21 10 
35 44 35 72 30 40 34 26 36 67 27 54 88 25 38 90 48 26 1 17 66 18 13 69 83 3 12 57 23 70 39 71 61 34 19 16 54 37 13 70 76 15 42 54 57 84 10 82 40 26 14 93 11 11 23 90 17 15 88 85 66 45 45 72 52 18 82 14 81 43 76 58 35 5 54 13 71 26 54 75 17 81 61 39 74 4 60 34 99 32 97 74 53 19 41 35 45 58 79 25 
86 14 1 72 93 96 6 53 29 5 88 5 59 11 70 22 3 13 72 16 36 95 10 2 4 50 94 78 32 69 14 99 54 88 38 64 19 8 61 80 8 95 62 80 36 33 53 4 20 99 71 93 25 71 46 2 48 53 5 30 24 0 71 66 13 47 30 92 37 89 97 51 87 8 26 43 73 58 38 23 86 65 2 89 85 24 7 26 53 9 4 51 97 22 22 47 58 51 88 46 
62 20 41 46 55 2 95 8 57 23 1 44 8 28 43 28 29 11 12 78 94 52 56 41 12 39 48 82 65 38 90 56 35 4 1 64 76 15 49 25 62 94 34 51 92 47 35 42 25 19 61 18 88 25 25 68 25 83 51 63 16 26 11 84 87 42 69 23 17 94 67 47 20 1 46 44 90 62 54 62 32 28 34 57 58 80 40 35 11 11 44 2 96 74 59 67 71 61 17 93 
58 36 63 98 20 32 23 46 95 89 9 94 99 14 31 60 69 18 95 51 7 10 59 30 36 91 6 8 67 85 1 35 17 76 12 1 78 6 6 66 71 25 38 8 1 50 32 11 25 82 52 28 37 96 77 68 70 92 28 49 10 98 94 57 51 30 26 22 29 67 84 1 25 9 79 81 35 31 66 82 5 28 1 78 52 78 24 20 74 73 93 0 92 81 82 59 27 94 77 91 
70 23 91 96 38 25 38 24 88 17 43 29 30 89 36 53 24 95 82 78 1 42 73 42 30 73 66 56 83 73 77 45 16 11 81 54 61 70 17 87 41 1 24 63 91 76 11 72 18 79 74 86 7 84 36 59 68 11 98 54 67 50 63 88 48 26 89 30 59 50 19 88 97 94 54 81 57 45 52 93 22 91 11 7 23 94 86 3 33 57 15 75 68 90 41 96 29 92 30 31 
31 88 44 16 81 77 87 67 67 65 78 42 47 86 51 62 89 16 56 97 18 37 95 96 46 63 48 12 84 29 38 50 22 9 59 27 45 20 1 25 6 15 13 48 30 48 1 20 19 35 44 35 67 39 8 81 36 55 57 85 29 22 28 3 80 27 98 85 64 93 82 43 61 19 73 78 30 89 49 70 31 82 83 47 83 9 97 77 83 98 34 68 67 42 64 90 96 25 24 86 
3 23 72 96 97 77 78 2 0 50 67 59 53 34 6 30 94 57 61 90 2 30 49 11 62 30 90 31 3 36 1 97 85 35 90 18 50 6 80 58 11 66 43 82 54 9 40 56 17 22 10 74 18 5 68 74 68 49 2 65 36 71 25 23 55 80 40 87 63 97 27 87 64 98 13 86 9 9 80 28 64 69 7 6 62 55 25 51 58 27 44 53 44 82 25 4 53 38 37 40 
57 51 3 37 47 5 29 12 67 41 88 56 30 25 60 46 39 86 51 72 39 20 44 7 78 1 59 84 6 50 87 64 23 18 20 56 7 7 91 80 52 30 59 50 8 46 29 77 97 88 41 2 65 77 74 27 99 9 56 75 30 87 5 5 62 56 27 60 13 48 15 34 95 39 48 27 9 48 22 69 19 24 93 45 52 9 95 65 6 93 40 60 70 77 55 21 45 37 2 72 
28 41 2 1 65 48 17 71 6 44 95 8 69 7 70 9 9 57 77 60 12 85 68 60 26 80 53 62 89 43 22 49 69 21 30 99 77 14 21 2 95 5 20 35 81 88 32 34 64 19 77 38 61 34 30 64 53 85 96 94 13 68 0 20 11 52 96 62 48 35 16 11 27 68 85 46 60 35 71 67 4 61 0 77 12 59 16 29 68 7 62 5 14 84 42 14 55 63 49 11 
38 26 90 59 10 28 94 21 61 92 79 26 42 39 64 42 62 64 44 54 74 54 80 37 28 73 26 66 57 5 79 22 82 76 63 79 81 41 68 27 2 48 16 25 13 71 7 16 78 62 36 70 0 99 94 16 98 65 23 79 64 98 32 91 52 87 24 0 28 95 5 86 15 38 2 89 10 3 12 41 9 76 11 76 34 41 29 92 9 0 40 60 48 51 99 29 33 6 19 29 
2 35 91 36 5 7 62 41 16 46 46 71 38 74 85 13 51 76 27 27 84 60 83 86 71 35 23 5 45 57 69 37 72 72 92 38 84 9 82 79 4 1 59 52 58 73 9 89 51 25 78 10 88 43 87 69 18 86 26 7 51 77 91 35 38 6 90 40 3 50 83 97 74 99 82 46 37 95 33 48 96 39 56 80 97 88 92 93 68 33 15 43 88 81 31 68 82 38 47 5 
55 42 18 32 13 0 95 5 46 47 4 37 63 30 83 31 54 16 30 9 18 62 78 5 68 93 38 20 19 27 45 55 7 39 69 88 34 25 94 67 2 74 2 74 63 7 62 9 47 22 69 74 63 64 19 72 74 86 93 75 15 25 79 28 0 15 58 5 40 56 59 86 92 70 75 13 21 1 13 11 37 82 77 81 81 12 58 82 66 7 71 57 95 84 93 85 49 50 96 26 
92 4 82 40 13 74 32 11 28 12 72 25 60 48 18 24 49 52 95 49 9 16 19 89 42 13 78 2 75 34 66 1 41 38 7 59 0 34 51 96 62 65 22 23 91 53 25 67 58 19 82 82 11 86 47 0 97 19 12 78 42 73 50 76 28 28 58 23 30 11 9 96 55 42 65 61 79 40 92 48 32 41 20 73 19 32 98 90 55 35 86 99 85 46 27 72 52 1 12 70 
23 44 47 10 69 62 48 86 15 61 16 1 81 79 87 1 54 50 44 91 5 88 73 3 16 50 41 13 70 45 55 23 34 18 39 43 85 98 4 27 64 49 26 72 6 20 84 32 43 12 93 43 58 2 27 15 53 88 4 91 62 13 28 89 63 59 90 67 45 88 11 72 30 83 80 67 34 13 92 84 91 3 85 53 51 61 89 79 53 8 92 69 31 16 52 97 83 41 9 58 
13 31 34 57 92 83 72 71 47 64 69 62 73 50 24 31 44 78 43 59 83 6 81 44 74 62 29 63 42 84 31 96 45 51 49 38 3 50 60 63 17 15 29 26 6 30 14 91 52 28 61 38 49 55 43 88 74 20 81 19 59 14 91 61 84 41 17 94 54 95 34 69 77 98 98 83 82 58 91 50 84 79 92 22 31 38 54 37 44 53 6 56 95 41 95 4 34 80 48 22 
49 74 85 75 15 39 86 3 32 66 23 28 3 28 38 33 50 84 19 67 79 85 22 80 22 16 42 82 56 48 32 70 94 24 33 42 42 28 16 32 29 94 11 48 34 34 49 48 70 31 40 89 8 5 96 53 11 72 32 19 34 50 11 78 39 20 65 66 27 16 64 11 52 31 21 36 88 17 55 31 22 1 90 85 75 24 8 20 82 16 96 11 75 53 75 66 72 22 35 15 
97 80 50 96 54 72 19 90 2 26 38 29 87 22 38 5 55 54 22 17 24 0 68 85 80 53 94 45 90 66 62 56 37 95 13 63 30 93 67 7 4 68 93 48 44 68 50 38 9 31 18 63 69 92 79 47 68 75 58 45 97 97 30 63 87 29 75 75 81 51 31 22 77 83 99 42 54 93 96 40 56 88 24 0 56 65 22 31 56 2 34 12 36 74 87 10 78 42 71 18 
83 41 37 77 98 36 86 20 80 61 38 70 41 52 84 50 62 10 27 10 11 14 42 19 27 2 18 42 66 63 54 58 51 75 15 79 66 86 61 78 95 78 78 62 31 44 90 30 42 92 19 64 98 20 50 18 96 59 1 11 0 75 90 20 10 74 24 39 70 25 16 31 79 34 11 46 51 15 18 72 89 54 94 36 1 54 74 52 41 8 85 64 48 27 28 47 55 73 55 6 
57 33 27 81 15 60 1 27 84 9 60 59 3 84 9 12 27 19 14 82 70 50 83 59 37 25 68 33 27 80 2 64 0 59 50 82 67 1 76 77 3 98 21 1 27 18 86 10 45 0 50 25 64 3 69 18 20 75 91 28 1 87 20 68 58 6 25 43 69 76 64 71 72 19 23 52 9 1 18 87 10 23 78 47 10 26 24 38 72 9 59 2 98 27 65 76 52 11 73 24 
94 17 57 91 10 99 72 61 39 88 26 67 39 35 46 68 5 59 89 47 26 17 86 41 45 47 25 46 26 0 28 73 61 4 47 51 30 62 86 92 46 47 97 14 67 12 14 30 85 51 39 80 74 57 98 85 7 36 89 79 11 67 47 57 24 94 26 36 67 93 35 29 69 27 82 59 59 59 27 28 25 97 13 75 27 45 41 0 28 96 39 39 0 64 94 98 15 50 50 2 
14 7 37 44 86 14 71 4 66 11 43 73 10 37 53 70 90 55 38 96 55 74 64 98 72 38 58 34 3 89 75 41 54 44 26 92 13 83 47 55 65 92 4 34 99 87 62 10 94 97 32 79 77 95 12 28 36 29 33 26 68 29 22 12 28 8 49 54 79 43 58 85 60 95 0 63 89 80 12 7 55 2 45 31 21 29 0 72 51 41 5 54 29 77 45 48 0 64 74 26 
15 88 87 6 38 3 5 99 88 87 39 45 87 67 52 29 28 55 78 43 74 6 69 17 11 42 61 85 25 4 45 92 31 21 84 33 84 92 41 72 39 61 11 7 88 47 73 64 73 1 92 89 13 17 4 69 81 50 23 91 84 14 94 87 4 91 28 16 69 7 78 56 98 65 28 87 82 94 12 86 9 4 20 66 71 62 40 48 48 72 82 42 12 12 97 37 92 57 32 9 
90 47 35 88 94 75 58 39 18 89 89 93 60 11 12 25 72 55 88 47 91 52 53 14 70 73 50 84 91 91 74 1 3 8 16 84 27 43 1 28 36 70 72 6 93 18 74 60 66 42 8 10 67 18 18 54 41 37 61 57 5 73 63 56 83 83 5 16 72 2 85 50 99 43 45 29 80 61 20 33 26 62 8 4 72 7 24 79 2 37 22 72 73 68 11 65 66 90 66 12 
14 27 42 76 60 4 8 22 70 25 57 9 83 80 80 47 9 67 83 41 16 0 9 33 83 11 59 34 45 12 51 47 8 39 1 76 30 12 10 65 51 38 61 88 91 59 96 9 54 24 74 32 77 83 11 59 92 54 45 61 36 54 56 86 19 36 88 56 10 19 81 89 83 38 36 42 94 87 80 83 60 84 75 76 62 4 98 63 0 58 46 87 46 58 29 49 87 64 33 97 
27 41 35 47 36 43 58 78 29 84 68 13 51 62 97 68 41 41 28 38 78 98 99 88 8 87 66 40 55 11 26 11 62 55 66 43 21 48 95 42 24 95 48 63 27 87 12 10 78 2 67 97 75 90 75 76 73 1 44 15 75 75 61 81 90 32 88 37 20 61 87 44 58 27 25 16 95 97 65 68 24 89 5 11 10 99 77 66 90 21 57 17 77 70 25 97 9 72 59 5 
58 35 34 37 44 16 13 78 99 42 26 14 56 64 72 35 44 64 7 12 95 98 14 11 26 51 77 13 72 68 89 78 66 65 40 40 9 95 14 71 96 54 0 26 6 55 22 40 80 37 0 32 79 76 8 81 65 87 71 90 25 42 69 41 84 92 6 11 78 51 78 72 82 36 95 79 65 12 86 23 95 51 56 87 62 28 77 31 40 89 94 24 4 13 38 67 26 70 62 8 
94 8 71 77 88 8 12 88 81 85 12 96 37 12 7 37 18 53 15 81 75 49 66 83 68 58 22 41 77 97 10 28 98 79 71 69 94 98 21 38 59 49 64 95 97 75 16 45 44 15 89 10 67 67 39 66 70 19 56 46 32 49 44 3 82 39 44 18 50 51 56 17 95 41 54 40 39 5 18 80 99 3 22 80 20 92 97 15 82 95 28 41 25 44 62 69 97 28 33 14 
46 50 51 49 76 28 78 34 37 44 38 47 61 4 84 5 77 15 56 4 71 51 42 45 64 84 26 98 83 79 34 30 46 59 40 25 47 2 80 74 69 47 73 84 2 62 94 22 90 41 0 46 57 9 82 59 34 45 98 65 78 83 54 98 23 54 86 79 39 51 52 4 19 46 15 36 15 53 52 87 53 49 41 21 21 24 17 75 91 13 5 16 99 64 87 29 57 56 52 9 
45 28 70 92 16 54 92 82 52 14 74 7 63 31 28 16 35 41 93 33 98 58 3 65 65 38 76 97 99 65 72 52 17 8 58 22 27 58 29 40 24 40 60 43 63 27 71 85 58 38 79 96 60 23 51 96 78 18 42 52 77 55 69 80 90 99 57 33 29 59 16 28 27 60 26 80 99 18 16 86 75 50 56 82 56 97 75 31 66 43 91 71 28 48 75 36 64 2 53 19 
2 99 43 35 23 93 32 16 59 31 73 12 30 77 50 89 71 15 62 29 82 14 44 14 24 43 14 34 24 44 51 90 69 40 96 89 89 19 26 71 72 6 52 95 54 44 10 74 33 21 0 13 2 93 5 29 17 53 78 88 18 17 40 11 27 46 1 50 32 18 37 23 42 92 59 35 3 6 97 13 41 7 78 84 61 38 94 83 93 32 91 83 13 74 55 33 79 31 40 49 
14 27 7 63 44 84 4 35 26 79 54 66 3 42 78 42 47 37 12 30 19 15 78 43 2 94 79 30 6 53 35 92 87 77 62 38 63 54 58 4 95 8 72 80 0 37 89 23 46 0 9 44 97 47 93 92 1 85 46 24 91 15 69 81 96 32 44 49 90 54 92 82 37 64 61 24 56 53 27 98 92 37 51 18 8 18 25 89 85 84 39 93 27 62 58 57 41 13 79 16 
90 81 44 85 5 15 44 18 66 24 41 81 85 20 20 32 35 95 27 36 50 22 90 67 14 21 86 99 13 39 69 10 71 75 85 61 10 89 93 70 67 32 13 14 42 43 82 17 38 26 17 99 21 91 78 62 59 96 1 21 61 86 72 61 76 86 15 30 85 43 96 72 71 37 25 14 42 68 80 63 19 4 49 15 42 11 33 52 43 99 15 41 24 31 59 79 93 80 70 47 
21 96 25 39 61 41 55 69 87 51 77 72 84 28 37 23 16 35 34 23 89 59 8 13 67 73 13 29 51 32 82 37 67 61 32 37 29 94 17 98 34 38 19 5 13 14 99 37 4 2 42 21 58 47 92 59 41 76 8 99 86 26 84 96 95 77 85 52 8 55 54 95 33 7 65 6 31 87 82 35 57 53 31 8 53 12 11 7 27 32 59 61 37 31 38 24 36 48 36 57 
74 65 41 54 24 65 55 42 65 17 1 3 84 55 62 65 51 80 73 87 25 94 98 71 57 86 9 53 75 38 17 12 38 71 24 8 70 77 17 31 53 55 34 23 49 0 7 95 71 26 55 66 94 41 9 8 1 48 93 22 91 72 77 60 89 69 10 89 28 73 87 43 72 58 96 19 43 80 91 56 71 31 63 79 19 18 56 37 34 79 19 40 85 37 14 71 54 32 3 37 
6 8 25 71 72 32 27 21 78 12 52 22 48 25 39 99 71 60 19 10 28 93 45 83 48 49 73 59 38 11 79 59 43 67 0 59 13 60 7 88 59 75 11 54 76 79 17 2 83 67 63 31 26 78 65 99 65 17 51 65 16 66 74 64 95 64 98 71 27 3 8 19 50 41 5 0 35 81 39 0 42 31 94 56 16 32 69 40 76 12 26 13 73 5 92 68 84 70 56 90 
20 31 74 83 66 83 52 64 80 91 39 8 29 41 77 64 60 1 83 57 44 66 24 82 65 49 69 87 79 57 58 54 39 67 9 20 52 60 22 97 4 18 55 11 11 48 53 84 87 8 94 75 57 76 88 2 91 25 42 9 83 54 41 21 6 0 54 37 40 0 30 77 11 82 86 66 50 60 80 0 44 90 26 55 29 61 41 91 56 77 41 22 13 20 51 32 82 8 79 12 
21 88 76 62 8 77 32 62 63 86 0 16 9 22 31 90 93 73 25 86 7 22 35 53 20 75 54 19 2 6 21 27 11 38 39 1 79 49 61 62 24 93 67 88 38 96 96 15 44 25 31 11 65 59 57 31 38 0 65 29 42 26 17 99 79 61 21 26 81 49 1 29 33 41 23 91 96 17 7 33 0 55 27 78 89 64 1 56 95 38 79 68 20 9 33 16 25 26 97 92 
14 42 52 98 77 55 51 23 19 27 48 83 65 66 1 14 16 58 1 96 76 61 42 22 26 6 71 2 64 67 99 5 13 71 74 38 73 54 91 30 18 89 1 38 76 87 25 37 86 40 47 91 89 66 49 36 92 17 30 17 77 43 67 91 27 92 63 25 89 50 26 17 45 36 83 14 85 76 47 17 50 18 5 16 33 15 8 70 23 15 73 24 63 43 98 31 39 69 47 67 
20 19 58 72 94 18 74 23 7 84 71 43 96 49 66 48 33 31 11 7 98 23 66 92 15 49 30 57 46 47 18 80 18 62 38 2 94 26 86 85 78 27 46 58 90 32 90 3 0 95 2 17 39 37 72 21 81 75 56 52 80 81 69 43 92 78 30 4 24 0 36 19 60 14 70 24 1 11 33 33 7 89 1 50 35 1 51 19 68 25 48 94 84 39 22 46 42 60 82 59 
26 21 30 18 2 80 56 23 44 11 86 58 50 48 16 19 92 4 99 30 72 1 31 37 38 98 35 43 91 27 59 1 92 84 82 10 83 58 37 57 37 30 7 69 80 44 67 16 18 45 76 29 15 97 39 94 68 49 62 27 88 27 39 50 15 25 98 91 33 74 55 16 4 82 16 60 5 38 58 89 61 69 38 69 6 41 94 65 35 60 25 93 4 72 15 48 67 29 56 97 
44 50 8 4 14 91 31 29 94 21 10 37 75 31 45 34 84 47 98 66 10 44 42 7 68 67 67 22 23 59 94 95 97 33 70 87 43 24 41 41 39 78 21 50 95 31 85 12 6 97 69 37 38 92 67 71 32 43 88 19 0 51 54 95 28 4 35 44 70 29 30 67 19 23 45 66 55 81 82 95 23 67 74 65 38 4 19 90 7 28 16 72 57 26 39 71 68 34 10 42 
52 30 82 49 75 66 12 14 36 6 25 79 41 91 29 99 36 65 78 4 62 47 45 1 59 79 53 72 34 23 87 70 84 32 14 93 3 75 72 38 21 73 64 27 60 3 97 99 32 61 96 25 52 15 45 13 45 50 0 77 37 0 70 68 39 46 72 81 54 16 55 37 38 30 53 40 33 94 60 85 31 35 53 69 93 12 74 34 28 91 80 76 78 20 15 27 24 0 74 95 
40 47 75 1 21 66 78 90 8 85 81 92 85 32 29 51 27 11 35 42 64 67 97 55 49 3 58 65 60 31 30 51 30 91 59 32 8 52 21 17 88 91 4 78 45 78 36 92 48 15 48 38 76 85 15 75 29 29 87 44 70 22 54 43 48 97 19 91 83 68 32 96 98 24 57 85 76 12 22 16 44 84 81 74 37 66 66 64 26 71 70 21 24 97 89 93 77 8 14 90 
67 7 25 45 57 20 85 42 46 82 27 51 60 46 85 54 54 40 82 86 1 32 23 32 91 97 78 31 58 28 54 92 55 72 83 78 74 80 42 33 33 85 63 93 32 54 94 38 44 17 28 45 78 77 46 73 53 5 31 87 86 94 30 19 21 11 50 48 81 67 5 94 88 56 71 73 83 19 23 1 62 53 30 76 64 96 23 20 34 81 23 62 50 64 15 73 70 84 38 11 
33 1 62 80 69 16 25 97 65 54 37 12 41 10 49 88 96 11 83 40 25 97 94 95 30 64 63 47 56 64 59 94 79 3 22 32 41 55 99 3 52 26 50 87 53 2 50 93 65 70 40 50 31 6 48 60 25 78 15 17 39 66 21 59 54 16 3 47 11 51 63 32 5 3 55 30 41 49 87 71 56 15 56 58 96 3 25 67 63 85 55 83 15 19 0 72 54 48 75 39 
92 19 23 31 51 9 0 65 25 17 54 38 41 20 9 20 67 29 61 65 61 57 55 92 26 94 4 2 33 68 92 76 3 24 13 50 32 1 46 3 35 20 74 49 51 49 25 48 4 67 60 2 27 66 32 18 51 7 73 53 65 39 88 80 9 73 39 71 84 62 31 73 0 14 70 62 7 96 15 73 73 49 23 66 24 41 52 83 12 22 79 1 82 53 46 57 9 50 0 51 
68 68 84 27 99 97 64 67 20 83 34 13 43 15 16 12 77 41 1 96 70 80 27 57 45 63 97 36 48 88 28 14 36 60 78 69 78 51 43 29 95 29 92 70 97 86 40 2 97 86 73 89 28 64 19 3 65 16 59 97 74 94 59 56 95 5 36 19 93 67 27 47 91 79 76 36 52 93 28 30 21 57 86 9 94 38 92 21 84 56 95 8 10 88 21 73 10 99 61 88 
9 78 68 91 57 4 26 89 39 76 42 29 77 65 67 62 86 43 15 68 95 88 49 21 56 2 46 0 4 31 11 74 94 67 82 99 36 8 62 92 24 60 12 3 16 78 95 2 62 98 87 99 52 6 85 43 18 81 62 6 58 19 53 55 95 90 21 81 93 19 52 60 15 40 0 55 79 64 32 70 18 67 39 44 67 76 79 35 5 76 65 67 7 46 39 4 60 19 65 15 
84 30 84 30 97 28 36 95 33 16 53 98 95 27 73 97 72 18 91 41 72 56 15 91 48 49 5 41 19 67 31 81 20 24 22 26 58 45 43 1 67 57 86 97 4 65 84 28 94 47 30 97 13 95 72 94 65 34 99 73 69 61 97 1 74 18 19 56 97 57 17 22 96 72 3 73 99 77 67 35 13 75 86 19 60 19 29 23 1 64 89 65 85 37 8 93 5 19 5 15 
51 11 46 42 57 36 28 12 73 7 20 62 38 10 32 14 58 60 40 31 21 32 87 30 13 80 45 51 66 31 61 21 31 60 90 81 77 57 1 55 96 12 70 83 97 17 25 40 87 29 63 43 16 24 25 2 9 49 82 33 64 86 52 40 58 74 1 98 45 35 43 30 8 23 41 44 45 27 35 43 70 50 88 16 35 59 47 69 2 16 97 3 68 9 20 61 24 96 3 86 
69 35 56 85 92 53 93 95 95 64 48 88 4 91 1 13 49 74 49 73 60 98 28 99 65 23 63 60 96 19 84 78 48 80 93 87 5 21 19 54 46 45 66 59 60 64 88 33 19 79 76 73 94 22 53 88 5 44 23 65 82 9 60 4 75 55 90 58 43 63 73 10 27 85 43 27 15 62 3 43 33 5 18 16 89 96 43 9 57 48 26 55 63 16 19 68 97 74 32 68 
77 91 76 86 53 24 10 17 56 85 29 16 34 80 85 3 0 37 70 75 19 76 47 67 63 96 77 12 87 47 49 46 51 62 20 12 65 67 50 74 40 15 50 60 54 61 67 54 96 8 69 30 75 60 42 85 9 52 51 78 72 42 91 72 55 11 22 86 95 44 61 60 3 10 82 87 54 31 70 40 80 81 14 26 68 30 50 53 74 64 55 11 9 57 89 45 42 50 68 9 
30 82 58 59 16 41 73 9 82 2 16 23 33 44 4 78 67 8 61 31 1 60 71 95 74 54 54 19 19 72 12 17 50 66 37 77 96 89 3 45 77 15 43 81 43 26 39 80 96 81 78 62 7 9 45 82 34 52 16 64 87 44 68 86 93 14 74 0 30 12 84 48 36 36 38 47 37 2 55 22 70 26 53 84 20 61 55 60 82 0 86 73 65 82 86 60 16 69 65 42 
47 85 28 42 79 0 1 73 16 61 17 97 93 85 91 79 3 43 80 88 33 77 24 94 7 11 49 82 74 36 86 97 18 53 79 55 17 92 84 31 55 29 19 40 30 29 38 56 33 24 95 95 60 19 38 22 9 34 36 73 73 81 30 14 84 14 13 83 86 70 87 45 39 89 62 85 1 19 63 7 53 90 78 78 62 62 20 11 8 67 61 17 45 34 35 28 32 3 7 57 
11 13 26 62 91 22 7 70 49 49 14 43 20 68 68 6 92 67 42 99 48 70 35 38 15 83 58 97 19 40 31 50 76 30 65 79 8 98 48 69 11 6 24 66 29 99 73 50 29 57 28 43 12 48 2 96 95 11 8 95 45 86 95 98 88 23 84 80 62 92 46 60 79 70 3 58 49 98 65 17 74 49 82 55 61 16 38 18 56 66 35 83 81 80 69 13 44 95 79 37 
32 60 26 24 68 86 81 24 55 61 16 18 23 58 24 31 58 3 87 37 59 88 45 45 8 74 91 39 31 35 63 6 2 35 47 44 18 25 4 92 68 28 30 66 23 88 23 90 12 80 89 89 91 46 56 81 13 65 31 92 98 1 94 66 2 96 32 74 94 19 30 37 76 20 7 13 51 11 65 2 35 99 17 14 93 34 2 46 25 60 59 23 13 40 81 46 97 99 39 4 
84 29 69 25 10 32 20 11 70 56 16 57 82 88 9 84 0 15 2 14 12 43 74 53 35 32 85 30 30 44 87 95 99 78 47 6 79 73 99 15 69 82 26 64 81 20 70 78 1 38 19 79 49 46 44 42 17 82 44 54 14 12 32 75 76 82 3 85 26 61 77 23 27 41 61 55 34 82 5 46 12 53 3 54 88 78 1 18 98 25 84 42 8 58 26 12 74 53 25 18 
72 94 23 25 49 50 31 77 18 34 48 38 72 35 85 75 50 27 9 76 10 21 40 69 6 55 21 5 78 32 21 17 12 16 63 58 95 84 38 36 16 53 69 39 73 89 9 93 3 55 0 86 79 62 67 33 44 46 1 32 27 54 75 9 79 13 63 90 16 47 57 18 85 58 98 9 41 14 71 18 50 40 2 50 83 65 3 80 4 23 50 63 90 48 59 48 85 51 86 24 
88 39 84 0 24 45 5 75 81 2 83 72 36 69 11 9 58 46 99 15 35 90 16 47 87 5 89 0 77 74 55 6 77 53 26 78 71 91 52 99 64 9 69 72 16 42 19 75 33 11 23 58 96 64 47 64 97 45 1 90 11 36 36 10 36 12 45 99 6 15 73 15 80 52 5 82 15 36 55 92 28 62 91 52 52 0 23 65 25 80 11 93 21 71 84 21 52 33 80 1 
14 17 27 60 45 42 16 53 37 74 73 11 82 98 3 59 14 39 57 8 98 87 52 71 40 22 91 55 91 27 23 2 59 74 78 74 32 20 8 27 53 88 34 85 31 12 71 25 60 95 59 47 1 69 70 74 51 14 81 67 49 66 79 11 4 4 54 64 5 84 2 62 47 59 95 2 65 22 95 87 10 62 75 11 9 58 94 4 4 46 10 15 47 54 2 56 62 78 79 12 
51 32 71 35 8 74 74 90 97 78 19 65 97 80 43 32 23 15 5 47 59 30 98 93 93 84 61 53 80 37 13 32 83 88 33 78 68 37 29 9 66 92 40 98 21 63 77 41 99 59 98 47 17 58 1 30 54 83 12 33 47 71 48 9 0 34 26 11 62 25 79 58 2 99 64 16 25 41 12 44 84 74 80 98 86 99 3 62 55 67 88 18 95 15 72 67 31 88 33 70 
3 65 7 75 57 67 89 97 94 21 91 47 82 5 13 15 81 64 56 57 43 85 71 82 95 45 42 62 91 57 53 46 43 57 67 94 40 56 85 42 87 20 84 27 59 55 4 97 22 13 13 23 91 80 31 50 23 54 12 57 21 42 4 16 73 82 42 60 55 91 46 39 1 33 62 96 28 60 8 33 43 15 20 67 62 52 46 70 1 9 35 49 53 10 17 80 93 67 80 49 
89 87 42 91 75 68 29 38 72 49 35 63 78 17 94 38 9 2 82 73 86 22 64 39 42 85 40 86 12 12 97 40 95 56 31 28 90 77 53 72 53 76 36 14 3 48 84 84 76 21 18 81 13 54 17 32 33 56 33 38 10 69 5 23 76 74 16 60 66 57 34 20 31 96 19 0 39 6 0 25 98 97 17 32 55 4 12 35 97 37 44 59 42 63 84 12 97 74 16 88 
30 51 72 40 23 86 32 19 77 45 56 49 99 47 89 51 95 88 96 91 27 7 97 26 5 97 46 36 77 20 1 96 19 44 99 29 65 88 47 60 82 56 63 79 64 82 93 18 87 67 52 47 74 3 72 35 66 56 35 51 29 70 22 56 40 67 15 51 88 5 49 27 30 80 29 80 97 38 73 96 27 40 94 20 47 59 25 2 38 66 60 56 21 10 11 28 78 64 81 41 
12 33 0 80 0 64 65 16 98 83 53 7 52 59 69 98 77 34 65 63 5 65 95 17 12 87 84 55 20 55 27 5 15 65 17 99 13 36 45 55 85 14 5 53 6 17 53 1 21 88 46 73 90 73 49 36 19 46 73 70 67 73 47 49 98 88 0 47 96 37 44 1 73 18 53 59 40 16 26 57 95 70 9 42 94 48 95 54 81 53 58 89 23 61 35 18 88 51 94 77 
22 17 98 61 28 48 33 37 47 43 96 61 66 91 75 64 88 0 3 79 63 10 68 52 31 75 49 92 67 28 93 29 99 39 15 81 11 82 2 51 90 55 39 47 31 95 14 88 52 45 47 23 52 77 13 15 47 16 83 23 7 25 11 27 10 8 63 39 5 62 26 16 78 94 95 81 73 47 44 13 76 13 94 1 97 41 22 53 28 27 59 30 41 9 39 15 79 78 79 20 
18 24 90 6 91 43 72 36 5 14 0 65 86 78 47 67 98 18 4 67 78 64 0 38 57 41 20 24 39 12 65 43 16 31 31 43 48 30 42 87 58 52 65 14 50 60 76 7 50 20 17 73 5 95 93 71 98 76 80 40 30 50 54 66 53 75 95 36 13 96 10 80 57 14 73 89 45 21 12 46 69 20 67 39 19 69 28 61 69 30 26 97 95 81 46 47 9 8 48 49 
88 92 78 93 50 15 71 70 55 39 87 80 64 17 12 89 15 74 24 40 61 16 78 56 23 0 74 84 21 78 5 65 14 83 84 15 8 31 91 93 3 97 1 4 67 75 90 66 87 44 65 44 27 41 44 24 42 51 32 75 48 98 61 22 10 39 26 30 28 66 9 10 85 64 50 56 1 50 56 0 39 29 3 12 7 5 76 67 19 55 22 88 43 36 62 38 97 18 74 30 
61 53 57 60 43 14 62 2 79 27 9 5 49 20 54 85 0 40 10 99 62 75 35 65 82 58 3 26 10 15 58 74 20 19 43 36 54 70 1 19 73 53 7 50 34 85 67 11 26 35 66 25 88 91 66 44 96 26 92 46 87 39 12 28 72 85 95 86 5 61 59 51 74 37 13 59 56 73 56 70 2 77 76 1 89 56 9 7 42 27 57 13 72 9 67 90 74 33 21 42 
22 1 97 41 70 14 47 39 79 79 34 45 96 79 92 3 92 37 91 0 67 14 2 65 86 93 83 97 9 10 46 56 73 45 5 75 2 80 5 52 11 4 81 62 35 51 78 59 70 78 68 40 76 62 87 20 57 32 24 89 18 21 40 67 99 25 40 39 6 63 3 12 99 98 42 75 72 95 15 84 2 3 96 50 65 79 84 87 52 49 49 74 97 68 28 69 52 22 95 54 
1 16 6 88 63 55 59 13 82 11 33 47 73 45 67 88 17 33 13 62 80 76 20 99 65 78 15 4 51 91 88 80 40 22 24 0 68 15 42 40 98 25 78 72 42 51 33 80 76 53 78 57 56 57 29 13 3 11 19 5 61 32 77 81 91 90 18 55 82 92 34 24 44 91 76 31 46 10 50 23 44 30 32 7 37 81 98 68 78 84 10 24 85 94 13 52 16 90 0 83 
48 16 38 0 67 93 41 88 89 25 2 17 10 48 77 66 87 83 52 52 51 44 39 64 4 0 47 99 70 92 63 26 51 26 64 9 4 73 28 54 22 8 9 34 57 24 95 40 77 75 11 25 37 31 5 50 33 86 33 56 95 88 81 89 82 7 83 28 18 5 80 66 98 51 88 45 22 65 20 90 83 46 0 46 77 85 58 95 33 64 86 68 60 0 12 56 6 22 31 2 
62 56 87 44 16 91 21 96 36 39 2 28 95 99 69 81 71 67 65 61 4 63 22 10 88 82 94 34 62 43 12 50 11 55 56 28 45 75 57 29 85 15 35 21 34 79 39 64 38 72 70 64 53 82 89 32 96 10 17 17 63 91 93 55 34 25 7 46 28 63 45 29 13 48 1 23 71 12 27 0 91 21 5 42 29 74 35 84 23 90 52 15 97 60 45 8 54 82 12 10 
18 24 96 48 21 62 27 4 11 32 51 61 1 61 46 85 51 62 4 20 98 92 51 29 59 29 97 66 88 42 23 87 7 9 21 41 37 6 93 57 5 23 93 58 29 4 21 71 16 18 8 62 8 47 50 11 82 15 18 93 40 78 76 30 94 42 34 34 72 55 22 30 71 7 68 40 90 86 6 26 95 58 59 7 98 12 32 65 77 84 36 85 41 93 87 79 20 64 78 21 
71 17 60 50 41 22 24 88 61 76 61 35 97 43 66 14 72 6 99 19 25 79 83 46 44 84 57 26 96 90 92 35 61 56 62 7 84 19 72 24 41 1 26 33 5 44 35 53 53 77 98 48 17 52 56 79 92 78 0 50 47 48 54 76 31 37 36 3 44 55 58 0 88 86 58 78 80 13 43 58 25 33 30 85 86 4 45 93 90 59 81 85 64 78 71 16 93 15 71 63 
40 69 61 14 11 77 27 8 54 11 63 2 30 47 5 82 0 78 16 32 93 43 13 13 88 65 79 94 82 75 5 99 29 45 89 25 84 92 23 88 98 45 97 61 30 82 20 75 74 30 23 76 86 7 58 75 90 36 86 23 58 27 23 7 10 75 18 0 35 35 48 98 25 31 87 15 13 99 87 88 92 93 60 9 76 90 30 27 59 32 28 16 38 81 97 38 24 0 57 40 
15 8 56 6 58 2 0 11 60 52 99 0 15 46 17 18 93 56 51 48 83 71 74 22 30 41 44 98 51 3 76 85 1 9 13 35 58 97 39 2 6 59 66 72 11 9 52 61 58 33 67 72 93 20 58 64 97 33 30 41 78 81 48 42 93 98 37 91 24 0 38 77 44 96 45 24 88 87 84 64 17 78 1 45 30 48 49 29 64 51 41 12 1 72 13 57 82 89 27 68 
69 12 32 58 94 37 45 56 92 90 1 88 74 75 61 40 5 13 80 44 43 51 71 7 22 62 40 44 80 36 31 15 9 72 85 41 95 48 89 28 82 77 91 68 20 66 34 81 7 10 81 6 69 43 38 41 14 15 31 20 96 10 13 64 99 68 61 92 80 93 12 79 20 81 70 6 72 61 62 12 95 15 18 47 70 5 37 52 0 69 88 73 90 20 85 2 72 64 60 9 
72 94 40 75 42 52 90 8 74 27 96 96 6 49 53 35 31 77 11 62 65 14 77 27 49 61 75 71 31 5 74 98 16 37 72 62 93 13 67 15 21 61 40 15 80 11 16 10 28 21 58 80 44 78 0 10 18 61 63 61 25 10 35 97 51 1 96 45 61 69 85 7 37 85 79 7 0 77 33 47 60 67 85 34 7 71 52 17 96 76 5 53 37 80 67 18 70 95 44 44 
1 98 56 32 3 22 47 61 22 3 98 91 16 70 52 7 34 47 64 17 76 55 45 47 64 89 99 7 61 22 68 34 14 62 29 42 87 49 25 84 79 22 38 90 11 47 67 33 46 69 2 10 42 77 7 95 38 31 21 15 63 10 32 45 8 33 14 24 52 44 49 42 7 14 9 96 82 40 86 34 35 18 57 72 29 14 64 68 34 70 90 93 45 55 84 91 30 89 24 3 
15 10 64 49 86 29 35 97 56 60 81 51 4 77 93 11 37 67 38 27 0 16 31 98 62 10 88 5 0 96 36 39 52 43 0 7 66 41 72 48 23 72 8 80 94 82 34 6 87 99 67 48 29 63 30 22 63 22 24 11 15 22 24 32 62 40 71 70 42 25 8 79 88 6 4 33 20 77 40 6 91 34 37 99 81 11 77 60 87 4 52 12 11 85 98 46 69 20 35 46 
48 74 31 20 53 21 87 77 7 51 3 64 16 57 18 96 27 70 91 46 27 90 85 74 31 79 65 20 54 99 38 33 24 86 25 36 10 65 58 2 51 3 43 33 55 47 92 11 48 34 23 14 39 50 45 7 92 80 96 28 21 22 38 42 20 79 10 67 6 91 70 78 55 82 53 40 92 48 97 99 60 39 59 1 98 44 42 44 53 34 65 44 65 60 77 8 89 9 71 16 
14 2 21 34 31 6 51 80 34 61 12 9 22 63 82 51 72 26 34 41 79 75 7 17 7 49 78 20 30 78 54 28 61 38 25 50 1 49 90 16 13 85 37 1 34 0 8 40 18 50 95 1 41 74 94 26 54 49 81 50 44 68 77 16 4 96 81 57 54 87 27 49 50 44 84 27 5 53 17 16 20 60 43 54 88 84 26 29 11 17 74 58 78 7 54 62 19 3 68 77 
93 46 8 19 57 94 17 91 15 3 25 30 50 62 52 10 72 36 39 44 97 40 93 59 14 61 31 50 73 79 48 80 23 28 87 98 5 52 80 80 19 76 8 35 70 26 41 2 88 38 65 32 65 95 26 18 12 16 18 6 59 41 32 59 95 49 79 29 55 25 69 7 14 79 14 23 3 15 78 50 5 42 36 21 87 57 41 55 37 64 29 85 92 31 12 62 27 31 63 94 
90 54 24 68 67 25 19 86 91 86 15 58 30 49 17 43 90 62 54 78 65 75 7 50 13 56 32 16 19 48 57 75 51 70 5 11 23 44 32 56 70 26 84 18 48 98 70 66 63 74 33 11 7 3 59 34 85 49 16 11 4 79 72 93 74 37 88 40 2 39 95 96 33 15 69 41 82 45 92 61 49 18 27 34 20 39 95 69 29 72 36 81 30 53 20 36 78 75 94 74 
91 94 49 12 96 29 66 92 97 23 12 69 17 49 98 78 31 24 54 26 56 48 16 87 44 73 77 31 43 37 61 59 58 6 67 42 34 73 23 91 29 75 88 71 26 47 28 28 9 41 76 83 71 93 92 5 75 23 55 8 10 2 79 21 45 46 87 95 76 10 36 6 93 57 14 8 93 57 11 24 98 86 65 46 66 24 20 67 86 63 62 65 39 42 50 77 93 34 47 50 
46 37 50 29 5 34 80 35 58 82 61 58 49 67 58 32 56 44 69 56 18 66 38 3 82 62 60 58 61 99 18 89 87 4 23 3 94 53 44 39 16 22 0 6 50 69 25 57 18 26 89 10 51 83 23 30 13 57 43 90 74 48 99 98 3 65 0 93 28 2 97 75 23 38 42 99 70 55 67 73 15 96 82 51 72 75 58 18 35 51 17 11 3 33 96 98 55 96 38 83 
