44 22 19 49 74 9 82 39 29 50 71 41 75 2 54 69 62 14 47 92 19 55 68 43 58 63 4 43 27 69 69 22 59 35 39 12 3 26 35 71 28 64 23 79 12 82 35 69 80 21 73 82 94 70 88 22 41 50 57 21 66 83 70 74 29 64 68 27 93 73 72 68 80 3 28 11 14 53 2 22 84 99 5 59 8 58 24 81 63 48 16 20 78 73 25 47 41 70 11 76 
5 49 13 64 80 14 86 91 62 92 71 30 98 62 25 14 86 67 87 44 75 36 59 84 24 50 62 87 60 92 85 52 30 54 25 8 29 14 97 84 28 9 15 43 23 6 7 5 11 42 39 91 31 7 72 92 87 51 57 20 53 11 98 83 42 45 62 7 2 1 25 22 43 39 80 2 31 33 29 26 88 54 55 86 95 32 34 61 44 10 3 30 65 53 26 96 77 41 55 55 
84 18 67 4 60 11 67 67 37 29 2 10 16 72 23 48 36 91 25 11 59 89 6 87 48 61 46 61 97 22 20 26 30 53 85 72 22 87 60 49 62 53 30 57 48 23 87 14 98 45 20 66 55 76 23 14 57 48 96 44 47 32 89 22 5 39 40 64 98 18 56 13 33 14 57 39 63 95 68 45 32 33 1 18 12 58 27 50 60 12 17 54 5 8 43 25 49 51 93 25 
15 20 65 48 55 59 19 63 98 8 36 14 63 3 43 94 36 11 4 92 31 24 82 31 99 81 8 39 5 13 2 3 54 70 21 88 4 52 56 6 77 75 12 24 58 83 55 63 52 43 92 56 79 68 62 23 53 11 65 90 25 90 61 81 23 71 98 94 95 1 72 85 51 3 32 22 90 46 75 25 83 90 41 42 63 76 24 9 78 87 6 88 38 29 57 81 85 91 58 41 
20 23 35 46 29 92 49 79 71 43 80 52 34 49 57 37 9 89 74 43 10 60 8 63 44 18 81 57 96 23 75 31 12 49 14 9 74 43 61 84 56 35 74 88 76 12 19 51 17 59 43 79 10 38 61 97 19 58 23 38 34 90 75 78 43 87 43 68 43 79 86 17 41 96 61 41 63 97 94 10 32 48 67 10 94 62 75 95 41 95 34 20 0 8 33 87 24 90 87 45 
15 52 54 6 28 76 46 94 43 54 32 95 37 66 10 27 5 67 5 80 37 56 70 35 25 89 69 50 44 89 47 73 59 47 15 67 58 75 63 64 57 90 28 5 90 0 4 32 76 13 54 62 1 38 47 18 55 42 55 75 31 60 85 48 71 3 96 3 50 31 82 7 33 78 62 30 52 15 13 23 26 25 80 35 37 91 17 43 66 66 47 93 16 56 99 74 66 60 76 3 
93 98 1 11 90 81 30 41 65 86 65 38 72 22 50 16 23 6 96 52 91 58 45 21 11 44 83 91 89 51 17 75 54 40 54 71 73 95 8 97 73 69 24 51 49 48 84 73 44 88 0 90 18 77 69 96 65 32 99 38 39 35 62 51 3 99 40 85 49 40 56 47 64 96 14 70 18 48 81 30 26 15 77 73 26 7 87 40 34 77 74 28 37 68 35 43 52 29 23 51 
43 1 83 55 97 44 63 45 67 20 59 26 69 81 40 84 19 28 47 93 81 78 32 77 98 34 80 54 58 61 62 6 71 89 79 40 72 36 64 59 3 67 85 59 13 26 67 13 27 85 50 89 47 47 64 1 27 10 17 5 45 40 91 90 40 77 17 8 98 72 39 27 59 78 40 75 37 96 72 82 31 13 74 38 7 73 64 56 51 71 54 5 48 85 33 46 10 63 54 85 
59 97 78 10 26 7 18 43 65 85 29 88 78 44 85 13 50 54 83 66 91 50 79 47 76 64 84 20 7 13 60 16 42 2 35 64 85 37 32 15 58 1 16 59 30 71 25 2 99 41 13 58 55 9 61 46 12 21 68 26 72 51 21 65 12 19 68 53 7 76 46 34 52 58 71 98 11 49 60 77 91 87 39 29 78 43 86 69 45 45 77 17 44 59 7 84 4 97 27 40 
21 33 37 94 58 18 40 75 70 94 96 2 66 30 47 79 17 65 23 3 39 3 0 49 45 87 36 12 99 59 66 30 14 71 27 73 93 89 58 28 11 51 95 56 39 13 22 44 19 93 57 89 97 76 91 46 59 42 74 39 48 73 68 60 63 50 62 40 80 85 64 2 97 91 96 77 31 64 48 99 25 34 50 87 99 82 7 3 63 93 71 75 44 56 17 4 68 31 64 15 
20 72 64 77 45 14 90 47 73 52 10 54 62 92 88 9 31 95 69 18 52 7 58 17 19 62 29 6 20 93 39 70 84 57 93 69 66 17 83 11 2 24 86 19 19 64 34 55 82 59 59 93 84 40 83 85 80 66 52 16 36 16 9 64 85 25 19 30 29 54 98 60 93 72 94 79 72 76 99 44 91 64 99 97 36 49 74 46 43 13 98 16 87 9 12 11 79 39 10 47 
90 48 71 8 35 69 44 86 56 19 13 17 95 48 35 37 10 80 43 26 30 97 83 27 38 39 35 77 25 7 66 49 64 40 54 89 84 94 50 27 63 38 87 98 77 59 21 59 70 80 18 99 35 89 15 74 9 70 78 79 92 17 88 96 23 8 83 88 39 43 23 96 43 79 81 99 59 87 36 9 32 18 75 62 94 73 6 82 43 59 93 56 55 66 2 88 32 19 43 13 
9 53 38 87 1 13 71 20 1 70 27 37 70 96 6 31 20 74 0 82 76 24 48 34 99 97 9 92 43 37 32 88 5 75 5 65 36 9 13 44 76 23 8 61 51 73 52 10 28 99 38 40 69 16 23 91 11 98 69 46 35 23 67 61 83 1 99 98 34 26 47 44 28 7 58 73 97 41 67 18 11 33 26 94 70 8 50 93 24 34 79 24 41 96 76 27 73 7 60 89 
7 88 65 45 40 25 85 31 89 49 60 0 1 34 38 46 86 6 77 90 78 16 29 39 88 5 76 75 9 42 60 16 92 47 35 56 5 61 69 65 98 44 84 16 37 44 12 9 82 73 64 18 48 32 49 3 93 24 93 9 67 1 71 53 49 16 45 44 54 43 82 41 84 66 9 50 0 83 54 26 45 5 91 3 54 83 94 68 28 27 41 53 32 61 97 81 25 34 32 24 
28 76 0 93 69 52 21 34 9 77 66 47 56 55 87 55 25 80 55 85 56 45 11 19 96 37 6 52 65 37 14 67 7 11 63 94 91 29 87 92 93 68 50 90 83 6 90 40 61 11 90 47 34 7 46 70 54 93 67 18 64 58 56 30 46 9 44 83 54 57 90 95 55 43 41 44 21 2 62 4 69 81 86 46 73 0 4 59 15 37 14 35 79 52 43 57 37 12 45 10 
47 57 64 40 36 99 39 33 18 52 41 52 98 65 63 78 10 44 92 90 90 58 80 62 89 75 74 76 53 70 71 85 18 8 24 39 88 11 76 85 52 87 85 7 4 23 41 11 36 16 66 19 0 51 98 64 31 40 92 39 34 47 59 93 6 86 66 60 66 31 16 64 20 3 65 47 18 23 40 13 36 55 98 90 72 92 30 73 33 90 99 81 31 17 7 90 39 63 70 91 
35 59 91 5 45 25 68 98 40 78 76 55 85 97 76 99 75 70 74 57 78 97 70 23 69 66 53 0 7 72 32 35 34 4 29 77 41 36 32 45 19 15 65 14 48 38 0 97 17 48 24 56 42 94 0 77 12 26 60 15 15 4 60 89 8 53 26 56 76 84 76 56 71 35 91 2 81 35 90 53 81 38 10 77 59 40 99 3 99 71 27 98 2 16 82 97 44 75 74 50 
15 10 32 19 55 20 34 35 63 43 14 91 55 61 23 33 50 23 26 17 74 55 84 18 58 90 6 27 35 76 1 7 73 16 84 78 72 96 6 29 31 7 88 19 40 83 23 72 98 95 89 86 26 77 62 11 31 41 57 63 17 51 32 42 96 68 32 24 94 3 24 39 80 69 45 32 72 51 34 78 5 69 44 99 15 14 89 49 94 70 41 76 29 61 57 77 13 90 56 42 
36 20 26 58 95 35 31 80 63 18 79 39 67 48 32 33 76 53 57 8 47 47 79 28 87 20 66 98 19 5 20 32 86 75 62 46 83 1 75 65 31 86 48 46 37 69 71 45 50 94 62 67 41 3 44 29 16 19 13 34 23 25 4 14 5 40 70 67 45 61 26 76 71 34 65 61 91 26 66 18 52 81 28 75 89 58 22 44 44 58 20 44 36 94 69 64 65 32 60 21 
73 69 42 53 49 87 80 78 28 45 37 19 7 71 79 52 58 33 15 24 10 49 73 30 16 53 57 41 41 13 38 11 10 9 1 23 73 43 46 34 72 78 85 35 11 63 39 86 9 75 74 43 23 53 26 58 15 65 29 58 18 22 78 47 64 91 30 4 93 20 83 96 9 71 60 7 35 38 96 69 25 92 66 55 71 70 62 33 14 94 94 51 19 76 19 35 96 53 0 94 
94 74 7 6 73 34 64 27 23 82 7 60 47 52 41 5 45 14 65 31 45 93 6 72 77 73 97 24 26 98 5 82 43 76 35 6 28 3 7 43 96 1 54 61 7 56 30 25 45 11 83 64 99 49 75 93 31 52 48 61 30 19 16 8 73 70 49 10 95 8 59 87 78 7 95 2 24 27 13 99 12 96 32 44 93 38 56 41 94 66 8 36 42 7 89 32 31 52 63 31 
85 11 95 78 4 22 44 24 46 22 86 95 94 86 24 90 30 37 16 62 54 46 45 67 53 46 60 33 35 59 55 24 31 32 78 89 15 84 19 99 43 88 61 4 78 39 39 55 43 77 45 22 38 64 23 47 45 84 81 13 9 38 7 12 93 85 22 80 59 41 70 70 8 1 66 4 61 62 89 63 51 58 10 6 15 8 78 8 22 94 56 58 54 17 94 50 86 84 82 95 
23 51 79 87 60 1 9 89 46 68 18 74 99 36 63 53 60 11 38 78 18 79 1 73 42 0 27 36 83 32 70 66 71 84 93 64 5 89 50 75 10 19 2 20 23 64 36 89 90 48 68 61 82 36 17 50 88 72 16 0 83 30 10 12 40 23 56 22 43 24 30 32 37 54 82 96 14 57 13 56 60 39 62 60 60 23 18 36 13 60 0 43 71 73 42 71 6 61 16 17 
31 31 3 83 18 57 32 44 57 24 90 56 3 85 17 16 56 63 69 97 44 37 87 4 95 17 54 33 88 69 49 40 17 24 10 3 85 89 94 98 23 36 15 71 90 61 58 9 26 1 83 51 18 54 17 57 90 46 18 11 43 63 99 57 36 53 40 85 80 57 70 70 45 57 84 37 67 23 11 51 53 83 54 3 79 71 26 12 80 9 55 68 38 3 6 30 17 58 27 13 
80 45 66 6 10 79 42 16 51 72 2 26 45 12 96 77 10 64 86 18 51 9 67 22 14 98 14 96 79 37 57 55 8 50 84 53 99 95 47 82 4 19 22 21 31 20 67 84 35 86 33 55 76 18 71 43 83 63 27 95 31 92 33 98 89 47 62 98 79 16 45 33 62 52 91 94 35 3 45 58 19 64 36 47 22 33 36 88 32 27 17 67 40 78 2 84 30 20 99 94 
80 90 58 51 28 8 32 3 0 82 85 81 2 75 93 81 74 45 44 33 89 97 25 23 31 16 34 39 69 33 63 33 15 22 96 9 55 98 99 45 63 9 63 90 95 37 73 51 15 74 93 42 59 57 85 44 84 53 8 44 58 95 86 43 30 79 45 26 31 46 47 19 51 62 35 77 87 48 73 87 47 69 98 99 82 3 66 51 38 33 88 35 86 62 64 56 21 57 47 48 
51 88 24 31 13 79 36 86 6 20 23 54 62 5 54 71 77 80 5 62 22 25 86 95 53 60 97 71 11 13 21 37 87 5 18 15 92 31 24 44 82 35 89 20 49 86 7 15 1 3 69 33 55 95 66 66 62 71 13 93 81 98 70 74 16 20 9 16 85 47 67 36 30 63 97 92 48 13 52 7 18 72 53 94 82 6 36 42 94 46 72 62 35 92 48 63 90 38 81 46 
16 49 15 67 28 80 77 80 90 12 97 75 67 27 27 7 38 75 24 68 69 85 38 22 0 3 54 92 68 74 83 53 96 60 5 91 69 72 20 26 0 6 70 35 92 25 18 5 80 56 70 76 77 33 67 53 60 68 4 69 83 84 25 89 30 57 17 16 48 9 86 47 25 76 43 22 50 62 57 60 23 24 34 53 89 45 20 70 60 50 66 89 43 76 20 41 45 18 19 40 
38 98 67 59 2 4 40 90 33 48 74 76 8 55 89 5 11 22 19 26 32 10 20 33 26 31 49 66 94 46 92 77 50 0 51 86 27 61 1 81 76 73 60 97 99 14 21 22 28 74 90 13 99 67 62 37 91 44 86 28 84 37 30 64 37 78 30 15 51 48 46 56 20 0 11 34 83 32 4 85 27 59 83 87 10 69 73 21 96 51 41 55 16 88 47 22 58 80 24 43 
18 95 47 94 48 10 83 37 37 65 56 58 73 44 92 12 36 60 79 93 46 37 56 83 46 86 37 24 14 30 85 66 29 92 89 65 49 57 37 92 64 66 47 25 69 78 31 20 6 13 57 12 84 97 5 47 21 11 10 1 13 61 69 52 40 27 6 55 55 75 59 52 57 46 27 25 60 48 90 78 40 59 36 27 27 3 59 21 45 44 93 99 2 56 92 69 66 10 15 37 
69 76 6 44 99 17 66 48 97 58 52 91 81 26 22 70 66 7 58 15 84 88 25 52 6 71 7 93 48 19 85 39 35 51 34 30 31 12 43 72 41 89 33 3 61 39 73 61 2 38 5 10 19 11 32 82 84 43 60 63 14 58 63 41 42 68 96 72 85 98 26 94 92 0 49 90 10 45 59 8 70 3 70 54 65 9 53 62 77 19 68 96 83 21 76 7 46 39 42 39 
80 67 59 98 89 59 48 31 5 92 74 34 87 55 88 98 84 71 8 51 92 60 80 72 99 38 42 92 82 89 94 3 65 71 6 87 80 82 10 48 21 53 17 89 5 57 95 67 36 16 69 31 50 68 74 11 99 96 88 33 91 89 98 4 75 95 11 19 55 98 15 59 88 31 44 35 19 17 56 54 38 57 20 68 43 25 96 1 7 44 57 58 21 83 8 17 71 14 70 36 
75 74 75 53 26 86 22 93 98 23 69 85 26 69 33 15 2 26 57 1 6 25 43 11 27 67 35 92 36 69 59 67 43 95 66 26 80 78 37 34 49 4 99 92 99 52 56 12 67 44 32 72 1 11 89 24 5 42 94 11 47 91 2 96 37 87 65 74 18 28 56 84 89 71 10 45 41 38 89 51 20 58 99 14 23 71 51 16 24 92 67 27 35 76 39 91 73 24 46 28 
67 47 59 21 9 13 31 14 66 52 49 44 82 32 65 27 61 63 5 25 64 75 29 28 57 12 63 75 44 90 50 93 7 80 78 43 74 24 56 9 8 17 98 22 48 71 38 15 27 14 3 9 40 97 92 10 61 84 44 89 82 44 86 9 16 30 94 68 87 54 79 4 91 77 18 74 20 93 54 53 88 73 54 77 45 41 0 0 82 71 36 98 26 93 88 16 55 29 69 32 
62 87 58 47 0 45 35 68 74 61 21 19 72 54 8 96 78 0 93 63 49 81 77 11 89 24 30 62 15 69 80 61 16 25 87 92 74 92 31 64 95 48 75 91 28 96 2 16 80 80 47 3 81 83 85 35 26 98 15 26 6 7 55 65 43 46 20 90 10 82 28 74 7 72 84 22 32 35 89 39 63 0 3 24 87 72 94 57 98 57 10 30 64 26 71 42 79 73 83 96 
64 12 40 93 9 64 53 64 47 36 67 90 14 53 63 2 2 8 90 48 40 53 53 60 18 34 18 74 31 7 63 7 47 69 54 74 37 64 12 40 30 58 54 13 29 81 68 80 15 75 36 73 29 16 7 9 52 8 38 98 80 95 12 51 96 37 13 22 9 61 62 11 92 85 48 4 45 35 87 8 42 90 16 76 81 88 40 69 5 79 54 69 50 25 86 28 70 29 39 58 
75 50 4 38 38 34 63 79 70 11 22 36 86 29 58 93 19 56 48 39 78 43 1 33 36 34 69 5 86 83 3 61 95 7 32 55 96 80 94 73 87 18 75 85 44 62 10 76 8 53 31 21 26 25 5 16 42 36 77 24 20 70 93 62 6 89 44 62 81 95 20 11 21 7 12 11 3 87 32 64 87 53 81 85 62 8 65 3 81 90 30 59 35 51 77 8 83 91 3 1 
38 43 71 33 4 10 35 9 8 31 36 54 69 79 30 36 25 40 69 94 69 97 40 23 87 84 43 36 8 25 0 78 98 21 22 35 39 36 38 76 90 50 82 22 37 96 70 86 40 61 48 81 33 39 23 95 57 88 56 38 38 80 65 7 86 49 97 33 74 71 23 13 10 29 10 68 88 82 94 82 95 76 56 68 38 11 60 97 49 11 66 54 71 87 57 2 45 77 72 94 
62 14 17 54 15 75 44 80 89 24 60 6 65 48 56 86 59 13 61 15 90 94 6 79 11 26 32 12 84 51 3 76 31 42 48 40 47 33 61 93 81 58 93 44 83 2 65 16 77 66 71 7 97 76 89 31 69 85 14 60 30 10 30 49 80 77 44 46 35 65 79 69 80 29 82 53 4 61 77 26 80 93 3 67 81 53 45 44 66 65 59 72 0 54 41 78 54 50 65 54 
33 37 3 86 41 92 49 25 13 37 5 36 95 66 63 60 39 54 87 7 94 13 55 6 74 16 5 74 64 6 35 42 85 73 22 41 29 15 16 56 77 74 45 22 95 38 61 85 31 30 76 28 20 18 90 59 83 51 76 7 71 35 14 99 62 23 71 85 47 79 34 9 29 45 74 75 19 36 4 48 68 1 23 34 84 83 48 67 84 44 87 95 71 4 58 45 89 1 65 92 
40 75 90 90 21 17 82 44 88 64 31 19 91 76 51 75 4 20 17 98 28 77 23 47 67 58 88 39 82 51 74 84 60 3 2 1 28 82 15 29 57 43 80 11 59 26 38 49 33 21 78 91 84 24 50 55 3 87 26 43 16 39 45 7 66 79 53 83 18 65 27 50 27 99 22 36 93 87 39 45 1 23 49 60 83 57 18 67 68 26 57 19 87 31 46 23 58 28 91 16 
84 81 92 79 69 43 93 10 36 88 26 3 12 73 11 79 46 70 21 15 86 55 38 72 20 54 52 16 77 21 0 79 74 10 64 43 64 24 29 52 21 16 23 51 78 63 13 1 17 61 41 50 56 99 15 2 59 29 65 24 71 71 24 58 59 93 49 56 32 8 30 84 7 91 98 68 82 98 65 10 95 13 73 81 55 93 42 21 7 3 60 69 27 5 11 71 72 64 66 80 
68 2 96 0 43 93 39 88 16 93 49 61 41 79 61 64 31 85 34 69 25 20 66 29 42 95 5 11 65 54 83 4 73 59 27 93 33 63 46 97 81 8 8 48 2 34 65 47 3 68 38 93 64 20 25 98 51 21 50 70 49 52 52 63 22 77 20 31 8 36 71 0 49 48 86 97 87 18 93 62 35 77 36 10 65 68 94 60 99 48 55 11 60 48 73 87 32 66 37 45 
21 77 14 57 35 96 90 9 91 63 37 24 64 28 7 76 28 27 49 85 38 11 62 36 23 85 94 18 94 82 75 77 51 44 24 15 92 48 30 16 71 98 69 75 2 49 63 43 76 17 15 60 91 62 80 11 90 76 47 22 5 19 63 65 63 91 63 4 83 8 45 90 2 46 81 37 64 77 48 7 21 59 26 28 22 30 46 45 32 55 44 81 68 59 91 54 20 66 80 78 
77 61 7 70 89 60 41 23 11 27 6 95 36 64 7 18 40 54 34 46 14 25 49 67 32 90 57 60 35 79 36 74 18 70 56 38 24 51 37 60 6 64 77 40 81 72 27 78 93 18 14 26 91 7 74 74 81 42 47 30 16 68 9 84 21 76 28 4 58 59 74 38 58 55 37 79 75 52 37 76 64 87 89 68 44 27 44 40 42 29 55 22 94 33 93 51 78 61 60 53 
32 20 66 23 47 88 58 81 27 35 72 99 50 0 94 22 73 32 37 35 16 75 68 90 57 0 63 9 54 92 18 36 9 67 50 72 60 23 80 57 73 45 18 57 55 77 99 78 73 2 43 5 10 46 9 27 82 59 43 8 89 74 71 47 46 55 75 97 25 1 40 50 0 35 38 8 18 15 3 93 61 42 4 87 73 88 0 97 9 61 8 17 62 97 52 76 22 72 72 62 
11 41 76 7 24 20 47 1 23 89 38 62 12 51 42 4 29 92 92 0 94 51 80 96 26 88 59 52 74 67 20 47 62 3 90 81 50 76 11 36 95 19 68 83 58 93 95 34 73 27 37 3 55 68 98 53 8 91 89 11 30 83 85 55 93 32 48 60 42 39 73 0 66 69 25 22 89 93 85 71 41 40 87 48 35 80 82 51 45 95 39 85 41 88 78 43 29 79 20 0 
19 10 97 99 39 52 37 85 83 65 15 64 46 23 58 9 96 51 68 75 77 31 72 82 47 18 58 87 70 8 4 60 58 16 27 59 95 19 32 10 12 28 69 85 40 44 99 31 30 6 8 62 87 7 47 41 50 98 39 15 51 28 98 74 58 10 56 61 17 39 38 10 5 51 83 86 14 20 56 62 83 96 2 66 0 47 26 44 39 19 76 43 20 94 33 72 48 11 90 5 
70 86 48 28 46 8 5 43 69 42 78 21 56 70 35 95 43 52 0 69 61 62 45 38 30 34 5 59 8 95 54 6 18 18 20 18 10 26 3 83 44 14 9 30 47 34 37 83 25 98 61 36 86 74 2 90 9 96 10 7 77 34 24 42 4 35 11 62 97 2 57 91 20 21 62 79 72 95 89 40 21 7 33 67 10 27 19 5 24 65 40 91 87 33 53 67 77 47 78 53 
65 18 63 31 21 22 11 97 7 82 56 40 52 81 36 17 86 89 21 12 84 8 23 93 91 51 11 62 92 80 75 47 95 92 1 27 38 21 70 80 19 57 48 33 45 99 94 81 90 89 6 90 4 70 51 59 1 80 88 91 13 34 92 8 58 36 0 51 44 71 10 96 96 39 95 95 65 86 59 24 21 86 63 77 41 74 48 10 52 73 50 6 78 55 80 67 84 85 2 30 
14 63 38 80 87 12 71 24 88 40 51 78 72 64 61 55 59 52 70 66 37 41 51 79 65 33 58 61 57 39 68 45 64 73 28 41 64 20 38 30 29 79 22 15 90 4 82 1 61 16 73 87 40 92 22 65 58 40 12 27 22 94 71 64 24 50 19 55 54 36 3 51 9 91 57 38 48 81 60 75 59 91 46 0 0 99 47 77 18 86 25 39 47 39 69 39 20 25 15 2 
78 60 90 73 91 14 70 61 73 99 41 21 74 44 75 71 49 56 89 11 45 33 45 41 23 57 4 10 60 38 84 98 11 86 3 69 48 62 78 26 54 55 59 75 30 23 77 66 76 94 30 19 10 48 88 51 99 60 27 36 25 41 94 63 54 72 66 66 87 27 94 18 3 76 25 88 94 85 41 22 61 94 33 36 29 16 66 83 46 56 45 31 3 31 49 16 66 37 47 78 
29 47 65 89 51 50 34 65 75 33 13 14 39 10 10 20 60 27 59 59 29 46 76 25 17 83 13 86 60 26 2 71 98 4 2 94 26 26 32 34 53 79 79 88 71 17 53 81 28 56 79 69 35 62 91 39 39 18 86 1 44 45 63 66 93 58 51 59 9 47 78 71 83 52 86 54 40 88 7 80 4 80 2 5 41 58 6 44 79 30 32 25 13 1 50 35 54 47 87 78 
8 85 48 44 29 87 82 98 91 21 62 1 66 65 73 33 51 24 21 66 51 1 47 93 56 55 27 70 31 21 53 16 19 8 30 36 60 32 10 70 88 78 59 80 30 14 98 52 88 71 84 15 79 15 28 11 80 33 78 51 9 75 59 9 64 77 68 21 20 15 52 94 18 83 90 72 89 43 86 97 37 12 95 25 28 71 69 53 90 54 0 41 51 82 8 92 54 15 50 53 
60 41 83 32 65 18 92 86 75 49 10 41 37 13 66 78 1 13 64 28 77 34 39 29 59 25 76 43 59 75 12 13 73 25 15 10 99 65 19 51 27 39 40 60 21 76 61 78 79 97 71 20 90 18 25 51 9 0 31 36 4 99 11 96 90 28 56 30 45 64 9 80 58 29 50 33 8 93 57 51 14 56 16 45 37 41 0 99 86 15 13 20 40 66 13 56 84 57 47 58 
94 81 80 44 55 84 7 42 47 87 80 7 33 68 22 54 49 71 94 85 82 87 91 11 7 41 3 27 71 60 94 67 83 82 34 62 15 43 14 73 38 38 76 44 69 24 12 40 78 69 14 72 92 15 99 97 39 58 18 66 70 69 2 64 83 59 54 9 5 58 41 80 76 26 99 76 97 89 8 64 6 22 19 13 56 72 70 66 21 72 4 53 9 89 75 63 84 62 71 46 
34 61 19 52 77 56 59 8 66 45 97 51 66 82 15 45 56 76 73 45 4 71 95 48 57 39 54 42 30 41 71 53 86 29 80 56 50 63 78 63 0 15 99 4 21 93 93 21 77 29 70 31 54 4 37 67 58 47 37 22 98 39 13 98 52 45 24 51 27 75 94 51 26 0 66 26 53 64 89 24 46 71 95 88 67 45 28 81 95 90 94 55 48 93 13 1 61 10 47 40 
31 16 30 66 48 83 14 88 70 94 59 81 33 88 74 88 60 1 11 79 93 19 23 33 67 2 63 1 20 67 77 60 43 39 53 93 79 52 95 31 37 48 71 75 78 14 73 67 9 69 82 37 16 66 94 16 32 26 43 91 74 68 78 51 99 88 17 32 71 79 57 3 10 17 77 43 98 93 18 0 45 11 17 83 67 72 70 99 10 53 45 19 10 13 42 25 26 73 89 7 
47 13 80 52 36 17 45 41 17 11 35 68 61 50 40 65 62 92 46 51 94 0 78 17 21 15 30 26 76 96 85 58 76 45 13 94 51 32 92 45 98 70 51 83 68 67 95 86 86 22 56 8 0 46 64 37 74 29 32 5 26 20 5 80 29 79 66 52 17 71 80 50 46 81 90 65 39 9 2 0 67 42 91 42 99 95 44 50 46 19 5 48 76 74 29 22 23 0 84 83 
84 1 94 6 72 33 8 2 34 80 69 81 72 5 15 97 56 84 43 18 85 34 42 45 81 8 21 52 78 99 80 83 96 90 63 47 29 93 61 17 40 84 84 58 78 11 52 84 58 40 27 83 78 61 29 53 58 40 62 58 89 48 93 48 18 63 97 30 45 73 5 4 65 82 83 78 64 2 62 20 49 56 54 78 26 36 88 3 11 46 78 12 61 0 98 78 73 43 26 27 
51 97 60 61 79 65 87 75 23 4 1 89 67 46 90 54 96 72 70 93 34 97 78 9 1 46 5 44 10 10 24 70 23 2 78 53 3 53 62 3 51 16 62 15 2 96 53 49 1 92 30 25 50 61 59 62 93 94 85 88 33 45 21 2 10 99 43 19 88 59 25 35 19 50 31 54 38 9 46 21 60 0 18 36 65 30 59 39 99 97 9 16 37 83 56 60 0 48 76 97 
3 90 77 31 71 63 29 70 84 26 80 16 98 9 17 70 16 61 36 60 81 82 15 77 75 28 53 64 56 50 23 65 15 86 1 39 60 22 13 58 35 74 25 60 83 78 43 3 94 4 96 65 11 89 6 86 90 73 83 22 47 88 2 69 6 76 56 23 14 75 65 19 17 49 92 73 54 43 44 83 80 74 29 45 38 38 18 29 83 8 36 94 21 86 23 91 56 87 60 70 
96 47 38 61 71 36 77 93 60 52 68 93 13 8 38 14 82 26 51 96 46 20 83 27 25 17 36 47 34 39 40 53 83 73 49 88 71 85 92 6 20 34 59 22 26 76 11 70 2 28 5 12 58 54 76 87 19 60 19 31 96 49 39 64 23 33 81 43 41 6 65 94 67 24 97 94 2 41 79 66 66 97 44 73 27 84 84 92 36 11 50 65 93 28 19 83 2 88 81 44 
69 39 4 47 68 39 90 1 90 28 64 74 88 32 37 43 82 45 89 51 52 75 4 47 98 80 87 6 19 73 31 69 25 15 70 86 68 5 19 7 22 56 65 85 46 41 42 90 43 69 60 88 10 67 25 71 74 5 35 52 76 4 10 75 80 30 69 10 19 64 86 43 25 73 30 12 32 44 56 53 89 49 77 50 67 15 52 74 10 0 35 95 18 42 62 50 20 40 90 45 
76 32 36 83 47 19 91 52 43 10 76 73 21 4 73 35 18 92 95 27 50 20 79 89 28 89 99 85 26 62 6 29 39 67 42 29 66 35 29 91 18 14 60 26 62 82 26 61 64 16 25 4 97 50 36 15 31 32 65 46 69 43 39 59 81 47 74 58 75 84 38 29 2 44 2 96 33 60 66 1 84 50 46 15 43 68 60 36 94 60 32 63 77 55 91 51 50 56 38 49 
65 27 95 96 15 1 92 31 70 77 3 47 59 99 31 9 73 16 52 2 90 51 12 73 4 35 80 5 33 20 37 52 14 18 64 99 16 96 56 18 40 97 99 74 17 17 46 2 27 98 1 51 66 84 41 12 24 46 44 8 91 49 70 49 58 7 86 69 74 53 81 15 96 49 60 84 85 99 60 46 4 8 37 40 76 91 28 92 37 80 98 38 92 30 43 65 58 6 51 23 
28 72 23 80 49 88 48 91 40 21 9 32 25 40 78 77 81 45 75 20 0 22 5 85 79 92 87 56 98 85 69 97 95 66 69 78 4 98 34 68 57 36 58 54 38 46 22 62 83 29 19 13 97 55 51 66 68 78 34 50 53 14 94 14 31 26 73 8 20 24 42 71 93 7 5 6 78 40 15 43 94 75 97 24 63 87 99 45 84 72 16 79 20 89 32 84 31 21 18 72 
14 73 8 44 75 10 48 21 5 68 56 87 29 24 43 71 62 22 93 45 91 43 29 42 90 64 38 37 99 30 92 76 93 13 56 82 36 34 49 3 40 66 88 87 45 27 91 78 16 93 29 72 28 29 37 12 76 93 48 54 80 45 8 62 90 8 18 39 20 10 6 23 55 32 73 83 42 16 40 39 98 27 83 84 40 56 68 61 81 55 46 71 94 70 84 75 61 47 82 81 
42 14 45 23 85 60 86 71 22 0 21 52 47 13 51 30 46 88 82 33 34 59 67 44 64 54 65 98 85 17 16 65 59 3 92 13 19 41 55 99 68 66 32 50 17 65 5 74 75 36 72 8 55 40 61 81 59 20 99 82 67 67 0 66 34 76 42 78 4 24 20 70 30 78 4 1 92 97 6 67 27 88 96 1 83 62 95 77 50 9 99 14 98 35 3 82 39 9 83 66 
77 20 37 38 5 49 29 81 13 49 24 19 9 44 80 1 87 85 50 13 18 67 43 20 67 95 35 27 88 94 7 1 1 69 78 45 92 29 71 98 8 20 49 52 37 85 10 29 22 62 20 57 87 56 73 94 13 11 29 71 31 64 2 38 30 39 99 84 68 89 86 95 32 38 51 79 69 66 44 42 37 76 54 97 84 48 99 64 37 41 98 0 60 98 24 6 69 27 5 2 
80 2 70 26 98 63 51 32 66 87 36 7 3 4 44 73 45 25 31 68 63 43 1 90 12 21 93 2 88 88 78 37 53 62 11 73 73 80 86 95 67 29 72 19 17 16 3 12 80 85 39 41 38 97 81 3 59 0 61 91 79 10 55 71 82 32 33 25 50 67 39 40 49 83 71 81 99 78 89 63 74 63 33 90 98 81 0 53 16 15 81 12 21 74 21 81 40 60 92 41 
12 35 9 22 99 17 84 30 56 54 44 90 18 48 16 24 40 1 29 42 8 58 35 4 87 19 6 91 71 35 77 83 0 85 14 22 7 79 61 10 24 30 90 49 10 67 92 91 52 92 27 88 94 66 8 42 40 17 60 85 94 60 38 13 14 83 85 36 41 62 85 97 28 60 37 44 22 28 65 39 42 47 0 0 47 18 81 75 1 65 13 59 2 80 65 68 73 20 2 80 
43 1 4 6 16 20 3 70 35 16 35 87 8 57 3 37 10 74 0 83 46 90 47 32 94 53 40 52 89 53 61 25 58 13 98 55 96 84 62 5 37 93 38 92 45 74 40 49 68 7 15 86 10 80 21 45 79 81 81 37 36 61 6 29 76 89 79 62 94 22 65 47 19 38 6 47 67 10 63 98 81 96 68 40 86 84 15 58 4 47 70 3 3 88 1 66 93 33 59 20 
69 29 16 17 53 0 71 78 46 74 40 73 80 69 5 36 21 44 53 47 26 76 89 93 45 74 18 33 45 29 83 21 95 30 63 87 81 13 65 17 80 1 24 14 5 31 69 3 24 35 79 80 73 3 53 28 68 52 85 14 75 38 25 97 40 12 42 12 16 52 53 2 86 56 13 45 37 64 36 5 90 22 49 72 48 44 6 24 72 49 43 9 67 31 94 11 1 55 33 41 
85 5 61 35 11 29 88 14 32 99 45 10 8 67 71 65 96 28 59 73 78 22 14 9 14 60 99 36 90 35 36 39 18 5 50 26 88 74 49 84 50 5 6 90 89 93 1 13 0 90 94 67 70 21 3 55 48 18 78 8 50 89 63 20 19 27 17 49 12 43 41 8 93 36 90 53 70 85 43 97 21 14 50 1 15 28 99 12 40 80 37 7 10 16 10 56 1 95 84 21 
97 75 94 58 8 19 1 42 43 89 85 12 22 28 72 8 10 47 4 90 39 30 46 41 94 77 89 41 16 42 45 57 83 41 18 58 41 63 80 70 59 79 28 44 44 37 98 24 6 80 72 25 64 65 43 62 12 90 29 82 59 79 91 47 35 44 40 88 84 50 57 21 91 91 58 63 66 60 69 53 80 93 70 7 44 24 63 85 35 41 68 78 95 62 41 13 41 41 3 43 
71 78 37 83 38 87 8 58 45 89 25 71 31 9 81 42 14 27 73 35 57 42 68 10 67 60 21 80 80 58 65 9 71 91 88 11 89 61 95 73 41 1 2 89 84 49 39 59 51 39 7 68 27 63 35 18 24 51 50 12 53 43 65 24 67 40 75 67 23 65 50 72 57 47 73 89 87 60 91 70 71 67 64 12 20 6 91 89 54 94 80 77 55 42 95 8 8 21 96 77 
77 81 52 71 2 56 36 53 11 18 33 11 29 31 76 98 69 67 42 1 20 54 31 74 3 61 23 43 61 46 17 10 47 19 35 5 59 34 97 38 53 60 13 66 25 31 39 96 29 68 10 48 58 17 87 13 36 3 73 24 56 68 32 66 80 82 74 31 85 3 86 0 64 52 59 10 65 76 17 40 49 63 30 15 49 70 96 32 55 97 45 66 69 18 71 84 21 71 64 57 
47 27 73 66 57 21 15 36 58 53 2 71 96 95 22 2 77 18 42 80 16 65 59 6 17 40 29 42 1 45 83 79 82 80 53 34 99 56 73 24 95 95 91 33 67 77 18 65 33 75 74 69 30 97 15 68 24 90 65 14 44 60 22 13 70 84 90 2 47 39 9 6 66 80 42 73 14 40 70 80 18 35 2 18 2 5 97 60 53 33 5 85 32 33 21 58 30 2 47 7 
84 17 48 34 39 62 80 41 12 52 42 6 3 34 7 17 59 64 70 77 9 16 8 39 35 74 72 40 91 47 54 57 51 26 60 47 23 77 30 87 62 37 50 28 73 22 34 88 54 10 48 5 3 60 62 63 13 94 47 29 52 38 38 59 44 71 70 39 2 35 46 4 51 48 90 10 48 93 25 60 26 11 60 74 88 32 91 15 87 22 67 22 22 43 91 27 82 11 83 20 
95 26 86 16 64 36 42 44 87 19 90 97 44 24 87 9 92 12 15 21 33 24 2 98 84 70 73 43 46 38 49 55 35 54 36 87 36 10 67 34 30 82 71 98 32 72 55 18 46 56 90 14 50 55 37 59 63 44 40 92 3 5 74 96 57 93 50 12 32 8 7 7 19 12 42 37 1 71 42 61 26 1 0 58 31 71 9 59 18 0 17 30 14 23 73 14 42 73 47 29 
3 96 91 12 71 81 74 16 91 98 39 53 13 58 66 93 23 49 0 71 58 47 58 81 94 36 81 66 73 25 10 76 94 70 92 49 45 39 6 48 32 24 21 95 63 88 34 23 99 0 44 23 59 43 52 40 84 13 80 97 43 34 25 94 5 16 0 70 39 84 44 45 41 85 14 7 39 25 57 91 86 24 55 59 40 90 20 72 16 85 69 5 20 55 71 27 27 88 57 15 
25 55 55 23 29 9 21 65 78 83 84 78 73 90 31 47 62 68 44 46 45 44 28 38 43 60 0 22 77 98 18 11 16 73 43 1 30 85 66 61 92 58 93 32 72 89 19 6 56 67 14 95 84 10 85 2 61 98 88 33 58 16 50 4 0 33 40 37 0 0 17 42 95 16 34 5 14 73 46 41 31 25 8 98 68 68 88 51 93 59 51 78 3 48 43 24 72 43 14 53 
56 31 62 42 50 75 81 21 27 94 58 80 34 54 80 98 58 61 61 99 72 49 65 14 32 89 32 60 32 91 98 14 70 21 1 11 55 63 84 3 93 29 46 99 22 80 77 38 5 26 48 4 65 52 43 69 56 64 33 16 58 74 22 84 73 38 54 26 83 14 82 48 17 18 54 66 91 41 78 71 86 29 9 19 49 95 91 70 75 24 14 15 63 3 47 30 49 46 86 43 
81 50 19 52 66 23 6 96 76 52 97 17 64 1 85 43 43 82 54 55 50 53 91 70 6 62 73 58 12 38 79 41 38 94 3 19 58 78 42 63 22 6 13 32 96 63 30 2 72 97 5 90 65 23 60 82 85 88 25 10 28 1 62 22 81 23 74 85 73 2 50 57 12 74 2 8 30 65 17 2 0 69 82 48 91 7 69 65 4 88 97 95 57 15 20 36 47 52 4 57 
12 47 70 91 7 40 8 8 69 22 35 40 34 5 59 73 61 4 14 91 76 86 83 61 48 25 43 20 79 9 65 13 71 62 87 92 70 96 7 98 74 38 18 96 87 21 6 9 62 7 40 18 53 47 74 91 8 2 45 34 94 70 93 35 97 18 39 82 10 83 71 12 32 18 56 6 14 50 61 71 75 2 73 89 94 50 25 75 2 78 52 89 84 20 92 4 98 52 75 95 
38 52 76 54 52 25 79 57 76 63 91 13 36 75 91 35 36 19 62 67 50 14 74 83 12 54 30 75 8 26 64 88 79 32 27 70 33 15 41 59 41 48 63 21 36 2 48 73 50 87 4 28 31 33 2 66 51 49 7 70 81 34 20 73 57 93 94 3 68 76 5 2 52 33 47 88 27 89 90 39 53 33 7 54 82 51 8 75 48 55 24 51 61 96 45 78 11 57 46 32 
69 57 87 3 25 63 6 42 51 38 35 56 68 49 23 77 62 48 83 70 56 6 11 11 89 90 49 87 14 52 56 10 75 65 51 62 85 89 40 78 73 76 93 34 92 35 36 1 88 29 65 59 70 10 66 18 88 30 66 35 85 20 22 25 51 5 9 30 96 44 77 66 84 96 15 35 61 8 66 65 68 98 9 37 23 53 87 40 80 51 71 79 81 47 46 1 12 44 57 85 
29 71 81 76 93 13 36 8 86 91 61 10 1 81 15 58 59 69 68 17 38 54 92 27 33 97 27 29 7 6 71 49 65 90 48 49 75 43 78 57 52 53 37 48 75 72 72 56 25 1 36 56 28 98 41 75 14 44 96 75 67 15 11 71 87 1 3 93 56 59 8 2 18 76 42 63 71 90 10 20 13 38 86 3 6 39 74 71 36 10 51 5 85 88 53 83 92 81 40 23 
88 64 74 19 85 54 88 70 25 47 14 93 21 79 76 40 56 93 35 50 18 94 87 56 76 68 21 36 80 53 16 89 81 90 44 3 92 91 24 27 32 20 48 5 18 68 65 83 76 41 44 2 89 5 68 68 82 64 88 4 26 17 24 9 0 61 98 67 20 34 92 88 77 80 29 70 51 62 41 54 1 86 77 33 48 98 86 48 28 38 8 45 10 18 18 40 3 66 32 47 
25 79 2 18 36 23 19 26 38 27 28 80 13 65 86 4 40 73 1 78 40 92 55 4 57 79 56 42 70 20 95 99 34 62 64 45 39 78 96 91 71 78 14 16 56 73 75 30 44 6 73 4 94 14 79 13 31 68 56 75 41 31 45 27 83 36 20 37 13 64 54 41 87 36 19 31 64 34 65 45 85 54 58 47 93 54 86 24 68 66 40 6 11 40 59 94 18 27 77 97 
36 65 39 6 58 39 63 89 26 0 22 35 94 84 48 95 62 62 90 73 46 28 59 37 64 78 66 45 20 78 6 66 49 26 73 33 67 98 31 62 61 52 31 41 40 77 96 40 85 46 61 87 84 58 64 38 13 74 4 48 16 2 81 20 11 18 2 21 34 37 73 21 2 33 25 91 3 51 92 9 69 40 46 7 8 37 41 86 26 82 67 91 35 97 5 39 43 41 13 59 
93 29 38 12 84 43 18 29 34 80 21 68 78 10 45 33 18 56 69 56 58 56 25 78 20 38 14 39 88 92 46 55 42 53 11 77 57 51 8 91 94 8 4 83 1 83 70 81 55 19 64 98 26 39 36 68 81 78 44 40 79 94 57 32 29 1 34 69 65 80 42 92 14 25 91 27 86 44 85 54 99 6 6 62 69 72 35 11 6 44 27 97 75 63 14 76 71 46 25 4 
77 86 48 41 71 69 0 71 32 44 34 10 5 78 75 2 52 90 9 1 25 80 67 67 57 47 73 49 59 67 95 73 53 49 1 98 44 20 45 61 4 59 45 91 70 74 83 8 26 89 28 27 3 70 92 82 65 87 66 4 62 92 19 34 8 50 99 39 90 4 44 11 49 61 62 26 29 75 39 40 72 62 75 61 19 83 2 6 94 86 13 17 84 94 11 81 47 60 81 64 
5 23 8 3 12 83 41 99 27 75 53 96 90 60 18 58 18 58 26 7 33 40 46 12 72 88 10 47 1 44 39 56 24 28 85 23 89 20 58 46 16 80 66 75 39 31 37 67 95 83 94 88 57 10 14 1 83 2 92 32 59 65 13 57 60 44 87 95 39 28 70 54 83 74 55 12 36 51 64 17 12 27 67 26 71 47 47 83 44 76 65 8 33 79 59 89 28 10 90 45 
6 92 79 1 65 51 22 80 88 57 48 94 41 29 38 97 30 68 59 43 24 27 65 82 90 38 14 97 89 74 38 68 31 23 11 13 65 85 9 23 60 16 83 66 27 81 34 49 19 47 12 21 67 18 0 31 90 87 32 76 74 32 39 31 6 97 32 39 31 96 86 53 71 84 46 95 90 16 78 66 46 58 84 41 56 90 38 71 86 1 50 48 56 89 1 35 18 47 64 14 
85 42 55 49 70 54 65 88 89 77 28 35 6 1 1 47 15 26 83 82 82 48 85 47 50 96 64 84 8 72 5 60 53 69 87 0 24 5 17 76 93 56 75 46 87 66 73 70 78 90 3 88 45 93 71 98 9 82 0 89 12 28 41 83 3 92 81 59 62 17 60 44 41 86 70 25 70 79 59 96 14 58 67 77 64 59 90 77 29 85 14 60 85 4 3 80 80 44 39 52 
0 63 0 60 18 46 71 69 23 55 62 59 37 15 37 40 19 2 8 80 77 60 76 79 43 79 75 95 0 0 92 71 13 42 27 47 43 60 97 9 6 75 76 20 3 60 82 42 77 35 7 91 66 68 55 95 23 29 85 64 86 80 72 50 34 50 47 83 49 64 32 51 1 10 4 86 36 1 99 15 34 69 81 77 75 83 52 32 89 26 12 39 2 48 43 87 18 12 15 30 
72 39 60 65 87 96 66 91 7 27 82 63 7 40 76 31 65 92 2 78 28 35 87 27 22 81 33 88 78 79 31 69 23 8 33 60 58 29 66 81 88 1 29 22 8 49 87 25 67 59 36 29 81 83 51 89 23 34 71 27 86 63 83 4 87 44 63 16 38 66 20 93 32 67 67 35 32 87 90 91 18 92 20 12 19 27 33 69 92 40 51 44 69 73 70 55 55 26 35 13 
9 94 33 19 27 82 55 47 4 46 77 9 98 80 17 96 31 46 5 35 23 74 98 57 11 11 10 34 96 46 27 71 36 94 51 99 4 77 87 6 71 74 56 46 94 55 91 17 69 88 95 39 16 60 72 12 89 76 2 64 81 44 16 9 86 40 39 97 68 32 86 32 38 84 83 28 67 23 69 15 36 25 40 52 80 98 30 31 71 93 27 98 27 1 51 20 72 70 82 60 
