61 96 82 22 10 49 84 11 54 94 26 89 9 12 35 68 57 22 38 18 5 42 62 37 54 36 81 68 49 62 22 9 33 15 91 52 23 88 6 71 95 64 98 23 60 47 16 33 22 1 18 9 91 36 11 23 85 11 68 91 87 9 23 71 6 25 51 69 53 47 47 55 14 67 90 61 43 76 14 21 12 24 44 27 79 34 16 54 50 84 28 59 80 70 34 43 15 39 29 99 
80 78 85 87 67 31 44 18 80 52 11 88 22 30 85 97 60 40 48 74 10 34 53 97 52 2 10 86 80 59 95 55 80 9 86 0 87 53 98 59 93 1 37 94 93 95 12 30 58 78 32 98 35 69 35 17 88 75 29 32 94 63 87 15 58 56 99 29 17 91 65 79 66 40 14 73 72 23 99 27 25 53 12 55 44 1 1 58 99 46 49 52 32 53 50 75 13 48 64 55 
77 71 25 92 37 30 44 72 91 54 24 16 42 83 52 40 26 38 85 81 93 52 55 27 10 35 59 91 69 95 68 30 4 52 62 38 48 82 51 73 22 56 0 12 80 5 3 30 59 88 89 37 39 76 47 12 93 11 0 74 83 58 93 81 41 57 95 50 31 55 17 1 18 33 11 92 44 40 34 36 90 23 86 3 0 21 44 0 20 83 55 92 38 14 33 9 76 76 81 48 
44 95 37 19 42 22 77 51 28 50 6 48 83 84 47 78 68 37 91 26 79 22 81 42 79 53 73 53 45 64 16 43 13 89 62 67 3 53 21 46 26 88 25 91 11 73 22 55 28 23 49 35 31 24 2 72 8 17 81 98 29 9 60 40 21 80 97 59 51 27 37 24 57 51 55 3 57 95 89 14 63 27 28 43 86 89 46 25 31 28 49 0 83 95 81 30 13 90 98 80 
88 45 19 54 38 22 14 60 53 19 65 26 81 12 96 5 67 17 45 66 7 24 84 86 76 10 15 66 28 90 77 61 54 33 68 64 76 60 36 45 8 79 74 88 54 92 43 21 67 4 30 18 61 28 84 60 23 2 65 20 2 68 61 0 35 93 20 5 43 47 11 15 5 45 72 19 79 62 39 29 32 78 74 94 76 8 31 35 80 23 76 91 63 60 3 5 65 83 78 86 
72 42 49 70 76 12 50 64 19 67 14 7 49 67 85 97 68 47 26 63 19 21 92 3 4 18 71 29 56 65 52 38 90 57 42 12 30 47 10 22 27 97 10 75 18 67 71 56 10 51 92 35 21 12 61 33 44 75 21 60 58 34 88 86 17 48 76 56 22 80 14 54 54 29 28 94 16 70 12 23 72 67 71 84 45 40 70 21 96 49 65 61 9 14 67 9 73 91 18 56 
48 42 67 39 44 87 87 31 98 69 59 73 85 95 57 85 28 86 5 26 2 37 95 73 84 29 73 80 67 42 55 5 53 93 9 54 69 43 61 95 33 18 98 7 74 83 99 83 20 60 92 1 32 87 94 71 40 3 94 26 74 41 96 70 23 29 16 59 66 22 40 2 63 43 51 80 93 60 97 2 47 40 56 85 54 96 99 76 12 60 53 32 95 76 1 60 61 74 99 77 
62 26 69 7 46 30 11 9 25 72 7 37 49 0 65 15 59 10 30 48 44 20 80 78 93 83 86 58 8 88 75 85 81 9 48 39 85 69 5 97 78 80 69 88 8 18 83 47 67 23 63 86 60 3 37 59 24 15 50 53 22 95 96 86 76 73 61 5 57 78 35 73 93 97 42 37 54 65 13 60 62 78 26 66 29 97 25 4 40 74 14 8 70 19 50 5 26 36 79 14 
21 79 67 24 1 13 76 29 58 48 32 59 20 34 66 69 66 18 79 24 90 10 19 97 96 49 29 93 7 65 60 17 13 87 6 59 30 69 69 27 73 73 81 39 50 1 85 51 60 18 9 28 81 21 23 29 25 71 28 23 88 44 14 11 46 18 96 14 69 26 42 25 94 75 73 20 52 34 1 7 81 46 21 75 17 25 74 90 24 74 45 95 99 0 6 92 11 24 45 80 
37 87 98 99 93 26 91 48 84 5 91 42 11 84 96 22 31 84 6 40 73 43 46 96 3 19 52 35 80 85 69 38 78 7 35 94 59 94 22 85 72 38 46 0 42 14 50 45 45 44 69 78 97 28 4 71 17 60 23 89 1 13 51 27 33 92 63 30 86 79 85 59 35 69 16 64 44 46 35 79 18 36 5 13 99 15 59 91 59 3 9 73 67 56 80 12 37 29 47 70 
84 81 77 51 86 82 31 94 67 30 7 80 95 36 4 60 59 18 54 17 4 8 52 52 81 58 12 13 86 50 7 46 41 0 90 33 63 49 12 91 70 73 57 2 90 36 78 72 38 19 2 64 93 52 17 61 60 63 39 41 73 43 83 72 52 32 56 68 5 86 99 59 94 86 14 46 74 79 61 81 3 1 56 77 56 25 84 77 98 47 61 64 80 71 30 25 93 42 79 45 
41 25 84 81 18 79 43 15 80 91 4 22 70 40 34 87 23 36 25 20 1 87 41 75 94 53 62 32 88 24 26 71 65 50 79 42 6 59 45 59 3 12 78 72 68 84 57 83 18 9 59 77 53 53 84 58 52 18 77 91 66 7 42 51 28 90 15 73 63 34 91 58 67 28 40 50 0 41 20 81 55 81 63 84 49 23 94 84 60 47 92 38 6 52 71 76 46 59 13 43 
7 8 88 81 88 12 2 81 14 23 85 48 84 74 33 78 93 63 83 54 17 36 79 54 64 18 25 95 64 87 45 27 1 21 15 88 15 52 96 96 74 70 18 49 77 58 17 75 5 83 95 87 15 29 93 23 5 60 56 83 17 84 67 42 50 41 17 62 19 16 37 4 17 58 20 99 68 51 83 94 81 49 78 64 79 55 48 40 8 40 15 69 73 76 59 16 8 40 46 44 
4 57 99 16 62 27 31 79 55 55 51 96 30 99 51 53 88 20 6 38 61 77 64 9 25 74 16 76 38 19 22 65 67 73 68 21 69 81 91 85 98 21 96 85 4 0 3 49 54 86 16 60 69 26 25 14 64 1 91 63 80 76 32 82 99 82 89 47 47 61 79 75 47 81 47 68 97 52 58 0 18 23 50 19 6 45 63 89 38 31 88 24 55 48 74 74 88 14 25 97 
47 33 76 32 52 14 16 29 87 87 44 52 79 57 64 39 35 49 9 57 27 55 31 44 26 64 6 10 47 19 94 80 98 2 66 94 20 22 3 93 61 69 24 98 33 58 65 15 53 94 1 3 4 9 96 18 37 22 29 86 87 92 30 11 6 69 5 22 92 80 64 56 84 30 36 33 37 48 19 19 10 60 77 71 4 81 15 15 9 20 47 17 12 44 91 51 61 1 81 71 
63 52 70 25 30 98 46 67 10 30 72 96 97 67 46 56 56 7 67 11 5 85 63 47 55 37 83 95 58 29 58 50 29 14 82 77 90 1 63 4 64 56 29 62 50 95 20 14 19 39 93 53 37 44 87 9 43 14 3 84 74 87 95 94 78 94 12 99 61 67 99 73 76 26 9 44 18 93 15 94 45 45 13 97 94 59 29 91 96 67 66 30 28 6 61 28 27 33 60 20 
21 56 30 25 12 24 58 43 60 7 15 64 46 74 71 45 75 89 6 77 34 4 74 84 52 46 60 68 87 53 78 72 93 93 75 70 39 82 34 30 13 82 75 19 67 92 94 30 56 90 2 33 66 81 49 43 23 70 64 21 30 63 5 30 9 0 87 41 14 48 86 54 59 31 52 44 11 44 0 67 29 54 36 26 67 70 64 74 96 72 49 47 25 20 35 42 50 3 54 61 
27 86 82 71 60 96 74 15 74 31 23 74 27 69 70 70 6 96 15 18 3 47 26 71 67 58 10 2 3 88 36 11 57 8 10 40 88 55 5 31 53 95 52 43 97 23 94 46 41 57 50 90 56 51 12 37 80 99 63 67 4 77 29 30 16 42 10 65 25 46 13 48 67 98 95 43 28 4 73 85 34 10 0 83 44 77 28 44 17 77 45 80 34 57 97 80 41 33 77 92 
65 47 1 47 64 50 11 14 55 64 7 43 69 88 55 24 34 47 59 89 57 46 62 82 48 79 43 13 99 71 57 2 52 61 43 68 25 45 86 39 58 55 68 6 93 41 53 18 71 50 32 20 40 37 36 28 50 29 4 74 50 66 84 54 64 28 13 38 53 90 50 71 97 62 60 44 14 2 23 13 45 74 74 44 7 1 80 8 52 90 56 63 19 76 43 46 3 83 28 42 
48 9 92 9 73 99 26 85 36 88 76 24 26 40 16 93 85 68 90 22 15 10 43 39 89 39 9 18 72 64 67 59 74 5 52 54 1 15 47 50 23 62 46 12 26 98 27 88 34 53 18 80 43 37 12 15 4 78 8 83 60 74 20 54 88 4 58 53 73 27 39 50 36 35 19 44 67 2 11 9 43 52 32 59 14 19 49 66 5 28 50 61 93 45 5 54 74 41 21 55 
62 77 86 86 63 5 69 61 23 2 8 59 26 9 23 17 90 36 40 89 95 79 72 47 50 46 51 4 10 68 11 19 79 47 12 18 50 47 86 10 6 80 61 31 93 52 0 82 42 64 74 35 70 98 22 9 16 7 18 80 38 90 46 47 88 80 72 61 11 57 83 80 6 51 52 44 52 57 96 58 86 47 47 85 86 69 8 57 89 93 6 77 29 21 31 76 94 20 99 20 
17 75 23 35 97 94 63 39 34 49 88 87 83 98 54 7 32 92 21 4 44 0 15 48 11 94 25 88 44 74 89 94 1 93 96 78 58 91 15 16 67 70 83 56 4 87 29 92 55 83 39 45 37 93 16 4 77 61 10 3 34 20 10 4 58 51 36 18 18 53 96 30 75 41 68 87 1 91 74 57 96 74 60 42 1 30 18 14 82 83 16 52 4 29 66 62 44 37 36 74 
48 24 33 93 75 3 18 81 67 51 62 9 26 77 69 31 43 73 34 69 6 42 29 68 71 41 32 3 11 91 40 71 28 48 56 46 78 10 62 9 45 69 69 13 45 88 2 61 55 80 73 86 94 32 19 63 98 60 18 19 40 65 12 40 22 65 95 49 60 64 16 52 83 51 7 56 77 20 18 84 2 77 90 41 81 31 46 20 58 58 6 96 2 96 35 90 3 83 87 21 
22 51 80 97 78 0 91 19 47 31 95 59 63 54 36 93 3 1 88 63 1 4 77 39 33 34 15 0 18 11 36 71 95 73 9 5 73 51 7 37 2 98 95 87 94 1 2 66 85 16 76 90 62 64 86 15 66 81 42 91 0 19 86 99 3 81 44 79 52 6 9 4 86 14 35 75 96 73 81 74 18 34 93 74 10 7 23 77 24 19 57 59 19 44 80 96 99 38 14 96 
12 32 90 69 8 17 19 40 48 90 37 82 50 62 12 62 3 33 14 8 95 46 91 71 61 59 0 42 65 62 97 4 96 61 10 42 67 33 3 37 74 72 2 21 62 24 21 39 68 7 89 42 92 44 62 4 58 98 96 10 76 48 61 26 56 89 32 87 23 65 62 63 10 3 11 4 93 56 32 68 17 59 46 7 26 75 36 9 48 63 89 64 37 76 28 62 24 16 26 95 
37 32 94 54 69 3 37 42 11 14 40 15 3 87 53 88 1 18 7 43 85 52 70 55 46 74 68 50 45 70 94 79 92 8 13 57 10 20 25 65 12 66 62 56 57 18 52 61 82 33 13 69 33 35 33 60 98 54 11 67 38 79 77 43 68 44 56 21 70 2 49 97 21 32 71 8 23 79 49 57 32 32 83 28 34 75 8 82 14 40 67 36 4 3 19 46 5 72 10 5 
95 33 93 84 57 44 84 27 57 0 58 33 3 70 68 32 10 67 29 10 76 77 69 15 17 3 99 8 8 44 53 10 47 58 43 27 69 86 48 76 60 4 25 4 47 93 2 68 24 45 98 96 30 19 4 72 3 37 35 6 8 24 43 43 62 55 85 25 95 59 58 96 40 51 3 39 9 21 39 29 53 68 87 11 84 75 10 16 62 94 77 72 62 28 98 85 23 69 45 91 
9 73 29 62 55 61 11 2 96 28 20 50 20 96 42 19 69 66 13 95 68 99 18 97 93 52 84 56 22 13 49 72 75 94 94 95 39 26 75 44 9 99 41 72 89 25 5 74 49 30 26 32 83 6 14 94 13 9 21 19 99 93 62 66 19 0 45 55 3 34 21 41 42 42 50 46 72 11 62 21 48 21 45 92 7 5 29 2 34 61 51 10 70 51 51 61 95 85 22 41 
40 37 14 94 21 73 78 93 26 46 63 63 51 73 22 42 50 79 94 50 29 49 68 7 32 30 54 6 55 27 53 61 16 23 54 95 66 29 15 44 82 86 29 89 4 72 28 63 6 15 11 58 29 2 54 91 57 65 9 73 41 52 53 64 13 8 77 23 55 24 99 4 89 56 87 22 50 16 89 74 11 99 86 69 94 94 39 57 95 98 61 89 59 67 88 74 87 13 90 19 
98 28 59 85 1 6 31 64 58 91 15 32 75 46 92 51 17 15 44 35 76 32 90 43 8 27 80 50 76 84 3 79 31 87 6 38 20 25 91 15 94 60 3 73 60 72 9 62 13 71 76 29 39 3 44 74 21 42 70 65 95 70 62 54 52 99 74 56 62 34 36 96 81 71 69 68 69 93 16 15 94 20 29 56 73 47 42 19 17 99 49 30 33 88 16 24 55 11 49 6 
13 15 70 55 76 52 84 66 51 53 30 53 1 29 13 68 73 64 74 70 16 34 67 94 31 81 17 22 28 50 37 29 47 86 1 59 26 15 6 22 96 68 8 38 1 85 29 92 79 86 66 38 62 67 22 85 70 96 52 8 17 94 96 40 76 30 5 5 75 20 77 33 79 46 72 90 26 26 29 96 47 81 79 99 0 66 67 2 10 11 51 97 68 70 7 60 26 26 29 40 
95 11 26 34 45 35 47 54 32 35 85 26 6 46 13 14 97 84 42 50 21 69 72 30 20 54 65 21 67 92 90 9 87 80 69 2 92 8 32 98 40 44 20 27 35 43 99 71 18 51 7 44 89 77 48 2 74 70 92 22 14 39 8 44 78 36 10 20 23 7 93 81 97 37 16 26 18 69 47 81 53 84 6 73 73 13 79 70 56 58 90 44 28 79 71 0 25 65 36 17 
90 41 64 87 80 10 67 85 24 85 27 13 24 80 6 96 82 48 5 78 25 6 52 2 80 56 75 89 42 8 56 21 54 15 54 90 24 11 94 76 28 85 20 58 47 53 24 86 63 22 97 61 62 55 22 57 18 78 11 53 47 86 66 7 54 35 71 19 29 5 1 12 18 27 38 65 29 96 32 82 48 7 68 11 17 55 64 40 6 89 16 17 44 1 82 88 10 71 95 33 
87 98 43 13 31 69 64 10 9 58 90 37 9 7 99 81 29 43 61 24 13 97 22 68 35 75 4 51 83 94 5 6 55 87 66 70 74 37 88 20 54 30 42 43 31 23 71 11 66 72 87 56 26 74 37 80 18 7 20 25 48 39 54 10 80 49 0 52 7 86 64 20 57 19 83 95 13 25 39 32 93 40 28 25 6 92 1 21 16 80 37 78 25 40 67 6 42 6 94 66 
95 3 53 53 76 87 34 2 28 78 94 1 69 32 29 59 91 92 26 16 18 28 16 85 42 32 30 10 14 68 20 29 53 10 19 55 59 5 31 7 62 51 27 61 46 45 85 25 3 72 59 76 71 66 5 30 44 79 75 97 27 89 66 28 69 94 26 88 84 97 66 67 13 74 67 85 73 62 50 68 70 74 85 79 15 90 72 70 82 13 64 0 13 43 75 28 47 71 45 34 
61 99 47 73 25 44 82 65 25 42 22 3 98 60 92 14 59 12 69 37 57 98 99 6 61 49 77 33 68 61 14 1 21 35 38 62 48 94 40 88 74 67 27 55 9 68 36 39 97 96 35 2 76 62 50 32 22 11 54 18 55 80 43 54 97 5 22 42 52 83 13 27 21 64 71 23 35 28 12 30 92 18 99 78 95 1 91 45 44 12 75 72 45 77 9 85 11 61 4 96 
13 38 76 49 88 9 51 44 46 74 50 87 65 70 5 84 78 75 98 74 67 90 95 50 21 98 28 69 49 39 4 12 17 89 42 11 70 26 82 66 68 69 16 68 34 28 21 13 38 45 85 7 28 60 56 21 7 92 51 79 27 19 34 24 98 27 23 92 80 59 66 40 96 41 79 24 42 85 99 69 30 33 3 15 58 54 20 24 7 35 36 42 20 38 53 1 35 76 7 97 
96 96 57 95 43 54 15 61 29 11 42 23 86 32 35 35 50 88 1 8 6 76 69 11 96 38 47 22 85 92 14 89 61 77 64 98 28 0 63 8 96 95 12 59 87 99 6 22 23 91 1 93 63 21 47 93 55 84 14 41 79 99 68 85 39 22 47 58 51 75 73 52 6 10 19 66 88 20 76 25 25 41 40 74 82 48 34 21 90 25 79 14 97 17 28 97 95 35 54 22 
56 67 23 5 15 42 96 76 57 85 37 47 68 67 92 55 48 32 29 86 88 51 82 78 31 2 27 56 20 5 52 83 0 4 34 37 76 93 58 24 75 13 24 53 57 13 19 14 56 12 38 69 33 40 50 41 82 38 97 23 67 62 63 36 82 6 94 74 36 14 15 55 65 55 38 27 23 72 67 32 10 62 99 74 70 87 1 82 29 77 42 9 46 60 25 54 83 65 95 64 
35 4 53 57 95 97 52 80 62 18 2 4 30 21 57 96 69 95 65 25 64 4 1 55 35 97 99 13 58 2 32 84 78 49 17 85 14 22 3 12 63 77 13 23 45 25 24 88 65 26 99 0 92 33 52 24 38 55 64 32 43 67 2 62 96 44 7 75 13 46 74 48 77 52 3 68 62 10 84 93 87 83 43 9 24 82 73 1 17 96 22 72 82 49 74 89 13 5 71 0 
96 17 44 72 48 34 34 81 34 12 21 80 57 22 89 64 88 97 81 66 34 38 23 32 4 65 50 9 17 92 81 76 11 15 96 87 85 93 84 50 24 99 58 5 62 47 84 50 21 92 60 18 76 72 9 53 40 66 6 28 93 53 24 22 51 52 19 26 55 48 86 37 72 3 88 83 79 10 98 58 38 77 33 50 60 10 2 50 74 67 52 3 48 80 45 3 87 40 1 41 
22 3 60 43 66 56 71 54 51 47 13 89 67 98 26 45 93 12 51 12 30 50 34 21 23 49 41 86 36 91 38 11 10 5 10 79 71 90 75 47 14 42 70 15 45 98 1 8 51 85 51 35 13 62 69 88 16 20 93 84 24 46 26 36 72 92 27 58 30 69 99 50 96 28 61 83 55 52 87 38 99 91 24 22 39 50 45 72 90 34 4 81 57 47 64 77 23 12 25 7 
96 22 17 6 26 19 33 82 25 70 88 88 31 34 72 50 98 92 50 94 98 13 65 0 19 67 90 82 4 95 66 88 35 7 67 84 55 80 51 39 96 91 39 69 5 36 88 70 64 31 76 70 62 62 47 42 4 15 6 94 54 86 3 5 25 22 30 76 99 92 0 59 50 19 18 86 73 2 16 7 52 79 54 35 25 70 15 10 54 61 25 42 69 17 40 39 22 57 50 65 
35 49 86 50 18 94 99 31 46 20 20 28 91 76 82 86 27 7 17 20 53 11 90 13 45 32 0 42 56 38 47 91 66 97 98 63 5 20 63 87 32 58 83 38 51 99 62 6 73 91 21 94 27 0 19 56 35 92 61 73 41 88 72 19 60 94 83 54 65 66 62 95 67 69 11 84 18 50 67 72 58 57 14 90 22 63 62 7 90 71 21 1 0 62 50 69 10 18 39 24 
93 66 48 86 48 51 26 23 88 6 36 51 6 88 38 44 22 2 40 89 54 31 61 33 34 50 41 20 39 60 48 77 65 89 45 17 66 22 37 47 0 67 83 68 37 18 87 1 89 84 13 91 0 74 21 86 22 7 41 41 63 60 83 60 66 0 44 99 41 80 75 59 38 42 54 71 68 62 74 9 1 9 41 16 95 94 21 79 20 17 82 59 94 6 0 26 95 97 10 5 
22 39 58 36 66 61 2 95 38 48 34 59 9 5 56 0 67 93 4 45 33 0 36 59 41 37 43 3 60 46 75 59 52 62 20 93 93 30 47 40 88 24 53 15 14 40 57 65 41 61 36 20 71 72 6 80 3 7 75 26 82 41 7 48 67 60 51 23 70 79 13 24 81 50 38 83 22 6 81 57 99 33 95 15 96 17 1 23 77 88 13 35 28 12 46 44 35 63 25 57 
61 10 60 24 45 6 48 8 92 67 72 12 60 29 86 15 76 19 1 8 22 94 94 15 38 21 67 85 49 46 39 32 10 54 51 75 0 16 64 77 53 15 70 27 93 49 28 79 26 22 86 50 22 94 72 90 5 94 47 56 64 33 8 96 2 74 55 35 67 88 18 16 83 79 23 86 4 9 67 40 38 43 44 18 57 40 23 87 24 90 70 40 97 68 34 0 5 0 72 52 
53 82 61 25 73 81 46 64 24 9 29 73 84 92 26 39 72 60 13 47 43 65 52 7 27 39 71 41 25 27 78 35 99 71 67 49 87 14 61 29 10 29 96 23 13 83 25 34 2 7 20 81 50 79 81 53 94 18 60 18 20 83 13 12 39 41 62 68 6 67 54 71 16 1 2 14 84 22 1 42 79 71 81 42 46 20 48 63 30 30 97 72 89 28 24 70 3 66 55 37 
85 26 54 3 61 69 99 73 37 55 54 64 64 70 84 89 10 8 15 13 68 73 62 54 41 86 60 90 15 96 14 89 92 17 88 32 50 29 33 36 89 20 48 92 76 62 5 23 67 31 44 38 63 4 22 21 34 81 41 71 93 37 23 59 8 23 22 20 57 58 26 80 67 63 54 69 99 57 4 52 84 9 36 95 36 56 31 0 35 6 19 74 83 71 85 60 56 63 58 51 
49 14 96 57 43 19 13 3 78 50 96 55 73 26 26 31 97 47 63 32 21 47 90 82 29 0 26 75 4 55 1 70 86 7 41 59 6 59 70 24 84 12 83 25 62 35 92 19 24 74 43 29 50 25 77 36 97 39 56 33 68 18 91 45 57 27 46 80 46 25 66 13 17 37 83 89 52 14 4 22 21 90 86 6 57 97 82 68 21 52 40 98 73 64 8 67 81 80 86 31 
42 16 56 85 42 28 5 52 58 17 47 93 18 22 58 60 22 77 71 65 60 87 26 45 22 45 32 85 34 21 55 22 75 68 23 37 78 9 76 89 72 22 33 44 41 49 77 54 2 87 49 40 35 8 53 23 96 37 46 70 93 53 63 41 79 49 90 28 13 48 42 21 99 75 50 42 45 69 85 33 0 9 56 96 61 23 11 51 90 56 39 55 56 66 43 18 61 27 82 8 
91 33 37 72 86 22 18 11 47 93 4 8 64 93 35 26 14 96 74 26 72 46 67 91 58 59 83 50 41 98 63 13 89 32 46 9 61 9 64 68 22 45 83 36 87 85 68 17 66 3 75 51 26 83 90 23 52 84 19 83 16 95 29 77 42 29 77 37 97 43 50 21 42 69 17 81 3 3 69 42 86 68 94 71 81 12 72 23 60 73 42 33 97 80 16 49 78 56 54 71 
40 36 6 66 75 89 28 10 63 90 27 0 33 31 35 1 8 71 12 78 29 10 34 56 5 82 27 76 94 98 25 32 89 59 0 89 18 45 18 36 60 26 98 48 31 85 53 2 23 6 47 9 68 59 89 83 2 98 39 91 5 17 53 15 13 90 38 5 90 25 12 42 32 55 73 66 97 32 89 38 55 51 50 87 47 0 28 18 70 18 96 57 64 59 23 57 66 64 59 48 
12 69 90 21 94 85 50 25 10 62 7 48 79 16 62 45 32 61 87 74 29 72 78 52 45 54 43 33 75 21 42 11 95 29 80 4 43 60 59 86 78 77 87 81 43 3 30 2 51 23 57 39 45 14 1 52 86 80 37 28 81 66 0 77 47 42 1 32 81 20 37 68 2 31 65 88 80 82 1 39 23 44 48 36 96 38 20 54 87 63 81 98 2 33 49 54 4 58 23 84 
63 73 56 48 13 22 61 66 29 56 94 60 32 33 58 2 74 31 93 46 74 13 74 10 68 23 45 8 95 47 36 17 46 56 24 57 3 4 50 14 42 24 66 88 90 51 4 44 77 49 10 7 5 53 1 69 55 72 75 60 47 55 17 91 8 7 84 88 57 8 93 45 52 56 5 43 2 68 22 43 87 12 4 6 63 58 98 54 82 13 1 57 80 16 61 73 32 31 53 21 
90 82 2 75 98 15 75 34 35 78 68 22 59 39 38 2 93 18 57 18 13 76 49 1 7 76 54 76 14 29 48 63 78 22 81 59 68 1 40 57 85 16 17 46 98 52 50 80 2 36 54 56 24 27 56 20 39 33 62 15 63 3 22 7 25 76 14 30 94 42 99 71 76 37 35 83 14 98 78 48 90 68 53 37 36 28 54 67 12 98 11 47 98 87 34 8 64 72 8 91 
85 70 89 21 93 79 68 12 2 30 99 37 21 82 1 69 48 41 50 14 94 31 75 71 15 80 11 43 22 18 24 91 96 77 54 11 16 25 53 18 95 94 57 3 20 62 39 35 68 61 54 64 78 76 15 92 59 13 48 79 20 78 6 13 92 60 34 68 51 11 45 92 11 39 68 59 6 13 19 23 20 79 8 70 19 92 46 90 81 84 46 9 41 56 90 86 51 9 77 12 
4 53 54 3 41 45 16 77 60 13 53 66 69 25 29 15 34 53 6 16 81 56 9 80 97 80 92 78 63 49 98 52 70 51 38 22 57 25 56 48 88 63 68 0 63 54 33 68 2 51 13 67 67 89 77 33 28 55 19 28 28 41 86 88 10 17 15 98 40 89 13 93 64 12 82 73 52 90 44 61 63 88 44 42 64 47 90 0 67 3 97 20 88 71 61 75 10 83 51 19 
85 15 47 87 52 54 29 35 42 89 17 9 49 21 27 18 3 86 63 64 77 93 36 11 37 29 83 30 52 61 34 80 64 77 22 95 10 3 30 81 44 71 81 56 93 54 74 42 61 34 10 74 50 50 69 29 75 69 48 56 80 80 6 49 26 85 6 9 60 85 93 9 14 92 32 4 50 71 20 71 61 15 85 29 35 73 47 13 80 77 88 50 65 50 93 39 66 13 2 40 
54 78 13 96 21 4 38 42 72 9 87 36 3 85 41 58 15 45 8 8 78 8 70 64 7 29 9 34 24 99 52 97 66 8 40 21 12 92 67 20 8 18 45 42 67 32 69 8 30 36 10 98 4 41 35 9 66 27 20 89 85 50 30 71 70 49 72 8 12 38 95 42 33 96 91 33 42 13 35 56 16 61 62 42 39 66 55 18 99 34 47 5 44 34 17 50 66 92 30 87 
23 27 29 72 15 25 36 28 31 46 65 98 6 84 64 40 74 94 42 50 57 88 29 54 9 23 60 12 16 9 90 59 27 76 50 29 87 71 14 52 78 85 64 57 92 52 32 1 13 41 11 54 52 47 92 15 64 17 49 23 78 56 44 39 84 27 74 57 8 13 43 40 44 80 0 10 60 63 2 5 73 87 80 1 56 46 50 76 74 52 38 39 35 69 71 41 28 66 53 57 
66 10 97 33 28 81 49 96 28 60 65 7 76 12 35 56 74 72 0 98 82 60 85 45 0 0 41 93 77 99 75 57 78 44 2 78 14 6 54 8 71 72 31 36 96 28 33 38 34 95 30 49 5 73 20 45 15 53 36 60 59 76 99 36 19 38 35 32 27 1 61 29 93 73 94 27 49 12 34 60 26 66 44 72 9 23 39 34 82 44 65 82 76 4 54 3 61 36 95 23 
2 49 88 36 31 56 38 93 62 38 2 90 4 17 65 16 36 7 80 69 33 73 20 6 46 59 4 21 72 62 68 86 23 94 20 28 44 29 33 18 7 83 36 87 83 96 43 73 10 19 45 25 91 57 80 89 96 81 85 11 81 56 92 2 82 16 49 26 89 81 2 25 0 88 41 99 72 3 4 70 26 88 44 71 12 90 43 22 35 45 33 85 43 74 24 86 84 90 30 46 
16 18 84 14 6 23 53 4 5 18 37 15 96 7 87 66 76 21 95 78 10 57 55 78 11 53 8 31 80 62 65 23 71 61 76 91 28 98 84 95 52 70 10 53 76 70 54 27 60 47 9 65 85 89 65 50 95 15 44 68 63 8 80 54 62 47 26 69 18 47 78 63 5 69 46 4 30 67 63 25 35 42 41 34 0 43 41 18 5 93 47 6 72 98 48 22 91 95 70 3 
41 76 50 86 83 76 27 59 7 89 69 94 1 68 2 41 8 56 0 58 9 76 55 56 91 9 73 40 20 4 59 86 36 84 86 0 6 68 79 87 95 91 59 87 19 36 26 87 72 96 30 65 38 94 58 75 48 77 63 72 9 28 39 89 55 74 8 34 14 35 87 63 60 63 62 82 43 34 27 76 33 63 18 64 16 64 33 23 52 43 29 41 76 30 0 86 30 80 73 36 
84 87 55 68 16 92 6 83 60 37 46 87 9 26 93 67 95 87 75 35 86 9 21 31 71 26 59 93 2 33 77 49 14 10 39 25 54 30 59 81 11 35 71 9 34 79 52 9 27 74 70 88 46 76 21 79 1 79 80 72 26 65 15 38 35 78 46 31 43 97 88 97 74 31 46 2 84 24 25 18 85 88 84 33 9 49 50 49 39 35 18 80 99 40 25 58 68 78 42 22 
62 9 35 3 80 49 34 65 9 55 80 47 9 43 43 59 26 58 67 92 16 57 15 95 96 86 73 58 67 14 41 77 3 50 6 30 94 89 20 10 11 34 59 4 97 66 53 65 61 37 98 21 92 21 93 93 41 31 36 73 43 69 80 13 70 36 14 2 7 3 73 18 33 56 36 20 75 33 11 56 91 85 5 67 55 88 69 62 98 72 90 32 41 13 78 57 44 48 74 32 
71 59 15 81 64 80 57 20 34 36 96 80 35 66 26 91 58 32 39 61 12 99 14 87 60 29 81 74 84 64 72 24 98 74 22 94 35 68 0 51 23 15 82 20 57 7 59 9 8 10 58 90 38 37 94 13 32 81 47 39 94 65 94 37 1 78 24 62 26 7 54 82 21 30 51 72 69 38 12 92 81 30 32 94 8 11 12 11 17 85 26 65 91 96 34 24 47 20 67 64 
26 57 70 44 0 17 16 6 60 22 95 4 78 13 83 85 71 11 93 36 68 6 84 8 34 99 50 61 36 97 24 85 33 6 42 22 96 64 1 59 93 15 55 66 26 97 92 54 82 91 97 5 0 18 77 63 63 84 7 47 93 87 79 20 98 42 28 60 70 43 90 50 81 45 71 58 17 36 91 66 73 73 84 21 58 54 79 98 27 25 72 38 41 52 44 34 6 85 93 89 
81 7 14 69 47 37 64 79 36 64 64 88 61 43 53 13 44 22 16 58 21 64 51 15 28 3 79 71 63 55 37 34 13 22 63 44 91 77 22 58 30 35 82 1 33 88 42 1 28 83 38 27 85 40 14 18 67 95 63 42 80 5 64 78 15 74 7 48 89 90 36 11 7 80 3 56 61 55 53 96 2 43 7 96 4 57 38 6 61 6 34 40 49 49 45 26 94 61 43 93 
70 64 36 9 36 83 5 78 58 66 27 30 56 28 80 30 5 18 39 68 10 27 10 24 7 72 26 73 86 65 14 62 97 52 84 20 84 7 17 3 83 0 44 64 40 77 28 37 64 29 97 11 46 94 32 67 1 91 85 40 92 48 90 84 86 72 17 65 7 34 91 2 72 73 51 78 34 45 13 60 33 25 99 4 90 99 59 44 23 16 71 39 3 60 21 90 94 78 71 56 
61 27 62 23 5 65 98 12 44 2 45 87 41 38 35 38 93 10 41 76 78 29 36 1 7 96 81 89 24 16 54 64 95 30 88 24 79 88 39 96 72 35 57 47 99 68 27 94 4 47 8 55 81 76 3 55 53 64 28 96 24 40 42 14 52 3 79 98 29 54 99 17 81 48 69 8 24 16 8 12 62 78 49 44 92 67 98 48 84 92 7 32 51 97 50 25 5 59 64 16 
72 76 70 53 64 20 85 45 15 12 74 55 3 55 68 51 84 45 47 21 40 55 85 61 44 98 59 6 53 52 59 20 34 92 15 72 72 57 65 43 16 17 92 76 23 78 25 26 72 54 83 37 21 79 12 18 51 93 57 89 56 59 68 62 21 79 36 67 85 38 84 90 79 32 4 86 51 27 0 86 16 34 74 17 88 4 94 47 97 93 68 97 6 68 10 67 53 46 67 22 
47 96 11 16 37 79 80 54 38 35 56 30 24 25 24 8 32 16 88 2 88 6 84 42 52 88 62 67 20 31 49 8 63 77 94 64 69 87 1 71 32 80 14 24 81 67 40 43 38 56 6 4 43 12 32 29 41 69 21 69 0 8 22 26 28 42 73 8 27 85 47 22 78 60 78 80 14 96 35 18 48 76 12 88 51 83 13 54 13 17 32 18 41 11 2 64 7 3 4 69 
48 28 33 79 47 49 40 47 32 52 54 80 8 80 89 60 54 63 96 68 5 50 66 37 41 14 0 64 50 89 30 74 7 39 49 5 3 45 12 17 86 3 15 6 50 85 75 0 3 57 18 48 44 70 10 51 6 16 38 33 43 74 16 56 96 44 49 56 75 87 89 21 4 17 2 59 40 25 60 29 26 71 90 26 90 60 71 31 91 52 34 61 30 84 46 58 15 62 94 78 
86 34 92 32 30 94 9 28 68 18 53 43 96 42 87 61 64 51 42 86 57 56 17 69 81 93 88 61 9 81 16 72 52 60 90 29 49 3 26 60 22 58 86 9 32 74 92 65 44 61 7 0 15 95 78 96 34 23 34 20 37 21 11 33 86 88 72 65 60 6 50 92 16 31 6 72 30 4 22 79 9 85 30 60 49 65 51 75 17 12 91 0 68 34 50 42 26 22 85 3 
71 69 81 84 60 96 19 47 99 98 65 99 28 3 67 35 28 30 34 61 84 50 25 37 49 4 39 78 43 50 24 8 3 22 87 87 26 32 11 59 90 58 77 76 67 43 21 60 90 54 33 35 89 4 14 42 36 47 84 3 30 40 4 91 55 59 40 77 44 69 27 39 67 83 21 23 53 49 89 16 93 97 86 68 79 62 31 68 33 79 2 6 81 80 30 2 3 75 83 20 
76 82 27 60 75 36 59 71 75 81 15 22 69 88 6 53 95 88 27 6 57 48 37 34 47 34 58 62 36 97 25 5 77 63 26 34 65 51 57 49 15 16 99 71 29 17 4 10 72 2 16 89 31 34 8 91 8 55 64 69 21 83 19 47 32 20 94 80 69 55 52 37 87 40 93 98 61 77 98 14 42 36 88 24 96 82 73 39 9 5 75 63 2 92 78 16 83 77 85 26 
32 76 84 74 27 30 36 13 65 93 6 65 29 2 61 92 30 70 86 59 17 33 9 19 67 48 93 40 41 38 8 74 72 78 28 92 5 7 22 61 54 87 85 21 90 32 1 48 63 76 8 98 33 4 0 26 53 71 87 72 35 60 55 97 60 17 98 45 84 9 93 0 83 81 95 28 72 6 28 22 35 74 39 86 47 60 37 76 71 85 87 24 99 45 10 82 37 53 76 42 
85 22 50 62 88 29 96 58 84 16 52 47 92 74 79 79 17 99 28 68 78 10 58 59 88 78 4 47 93 78 79 22 61 16 8 82 82 53 87 40 32 43 99 69 32 83 63 94 91 63 0 78 9 30 32 38 22 95 59 24 95 48 31 42 61 41 9 5 88 36 5 61 82 9 83 72 26 4 32 35 79 10 3 56 76 66 81 72 14 49 81 18 55 52 56 53 93 32 7 51 
10 97 55 30 62 24 70 79 27 47 30 29 55 51 35 19 7 0 8 70 7 34 31 41 98 44 81 29 23 36 48 11 60 18 75 83 94 46 81 91 30 79 69 97 50 6 85 2 3 49 95 27 69 4 89 44 23 77 8 34 85 55 61 85 31 18 13 43 96 13 87 12 75 4 33 14 97 82 61 38 11 62 16 96 33 86 54 20 78 72 99 57 6 32 33 14 94 41 15 59 
48 16 50 21 83 58 74 81 15 69 23 42 91 85 88 89 58 27 12 36 88 79 63 10 71 31 31 46 30 3 99 38 88 22 48 6 48 41 79 90 92 70 82 28 16 0 99 5 32 89 1 1 88 16 3 64 63 32 46 36 98 16 87 9 18 53 46 96 12 53 77 56 4 37 8 56 97 50 36 4 4 51 50 94 26 29 33 12 94 27 56 81 2 92 33 60 37 12 32 59 
99 26 28 51 96 7 51 59 30 14 93 4 84 5 67 72 27 4 99 5 32 60 87 80 26 8 65 1 34 15 42 70 68 24 64 4 35 62 52 45 88 2 28 6 47 59 87 63 62 20 51 84 82 56 23 82 63 6 13 35 28 30 4 78 99 80 20 71 86 35 3 93 17 57 42 13 22 73 28 38 79 57 7 17 67 21 70 67 20 95 11 88 35 37 93 75 44 52 2 59 
7 42 83 24 48 19 35 43 7 51 92 41 39 91 91 91 47 80 79 62 45 84 29 9 63 36 42 23 4 70 48 41 52 16 26 1 86 28 78 8 57 17 40 90 44 2 97 55 71 6 61 99 35 75 37 37 17 7 35 29 54 28 39 72 69 67 14 93 49 56 81 77 24 43 16 74 81 98 19 44 86 17 9 84 97 78 12 73 28 10 44 71 18 84 87 37 68 25 88 76 
32 43 18 78 21 81 84 96 7 23 91 22 65 19 75 62 47 27 33 36 57 94 93 2 61 64 76 76 87 68 72 1 76 93 38 26 87 68 59 62 64 49 47 7 42 30 91 24 50 28 50 7 90 49 25 81 62 58 93 20 26 58 77 24 31 6 57 29 27 22 15 16 67 52 92 41 51 84 12 95 45 16 13 54 45 20 69 77 77 89 95 22 11 33 69 78 63 86 63 53 
3 9 6 47 12 68 1 24 79 32 80 78 84 91 11 4 34 64 45 29 74 44 11 61 32 55 30 3 80 66 12 20 73 79 77 19 8 70 88 13 83 5 21 83 68 52 36 73 27 87 21 22 66 45 98 73 40 95 65 10 1 12 63 74 93 66 92 31 38 28 31 91 42 21 16 58 67 1 48 7 94 83 21 75 77 79 95 88 80 45 98 20 22 89 13 20 41 80 30 28 
99 44 83 64 32 75 33 28 40 1 79 67 63 19 20 21 41 30 69 52 91 41 5 28 87 30 26 85 95 87 65 25 97 20 64 57 58 79 91 25 80 16 28 44 56 18 48 28 40 82 91 41 41 71 17 67 17 29 6 55 26 66 51 15 54 22 66 60 18 29 64 20 33 42 0 51 27 50 87 43 65 19 38 20 95 71 51 81 42 16 93 3 67 9 29 93 33 16 81 49 
7 69 78 58 54 8 3 27 87 66 6 15 52 89 54 13 75 93 44 17 9 18 26 63 45 91 63 68 43 68 72 60 78 91 14 27 39 72 13 30 81 2 60 39 50 41 23 99 35 37 82 68 3 95 18 59 80 10 0 84 71 41 40 47 49 40 36 85 37 95 10 80 8 6 59 12 18 21 61 47 23 55 77 29 26 6 17 3 25 69 78 28 81 99 89 97 99 70 63 35 
99 69 77 55 0 78 29 9 93 6 91 52 14 76 91 5 21 9 75 33 90 93 15 92 86 1 91 48 32 54 69 51 62 19 68 84 49 98 88 11 57 45 2 99 76 82 6 75 13 95 80 12 49 20 20 14 37 45 22 97 17 17 12 82 0 31 69 93 44 98 66 73 40 44 58 63 9 70 24 24 1 52 87 58 70 39 21 67 70 22 61 63 49 61 37 51 75 99 9 30 
32 90 87 56 78 49 87 45 74 53 67 47 97 36 94 47 48 54 66 34 93 25 25 26 52 8 76 86 19 5 15 67 58 35 25 64 21 98 25 0 90 58 7 9 93 99 95 49 7 17 22 5 99 76 30 56 47 24 13 29 10 7 89 99 92 43 38 40 31 1 7 46 41 60 10 86 90 62 91 49 67 29 43 8 51 0 68 43 77 31 19 54 42 88 61 10 0 8 44 1 
15 29 75 48 72 21 54 25 67 43 85 2 41 40 67 84 97 85 95 71 86 91 88 81 82 0 40 13 78 36 73 6 90 22 3 72 53 48 9 15 17 91 19 41 72 52 91 77 94 87 39 81 43 58 26 3 11 90 98 8 80 53 46 52 19 48 40 38 55 96 93 87 42 90 67 33 28 11 59 38 9 59 99 73 47 27 34 20 56 12 83 86 92 97 2 79 42 46 33 53 
35 75 15 10 24 57 43 96 42 15 38 28 23 19 8 66 22 46 28 71 17 45 39 64 93 58 3 34 12 50 4 54 19 36 66 95 55 70 61 74 41 11 14 46 58 53 6 40 88 11 11 4 78 69 85 45 88 39 91 69 59 27 39 97 26 51 96 27 5 43 9 36 77 26 93 1 20 43 97 65 98 34 73 77 32 64 42 62 80 27 35 13 58 46 99 97 1 40 3 66 
24 23 41 6 66 74 0 72 89 7 60 2 59 75 24 15 82 75 66 34 65 24 19 70 62 37 80 26 19 39 8 75 72 85 83 35 21 78 15 16 55 60 77 2 44 78 61 25 13 44 85 6 68 81 83 11 69 97 46 49 48 97 83 62 51 7 97 28 13 14 1 29 56 14 94 39 19 67 32 81 84 48 95 46 76 98 51 89 22 58 97 86 20 80 20 77 15 32 13 16 
75 42 80 14 75 48 0 45 46 51 41 67 67 31 95 81 1 91 34 27 41 81 40 12 60 37 99 69 91 68 68 20 2 34 86 47 73 44 51 45 81 84 7 44 46 98 23 60 87 56 97 22 59 28 48 32 87 0 51 73 84 87 29 52 50 46 80 82 85 9 38 51 75 7 43 76 50 55 17 22 71 9 92 46 87 93 33 70 85 82 29 87 45 61 42 47 71 83 38 8 
95 23 59 34 40 41 42 34 18 76 86 68 84 11 91 78 13 34 75 41 63 45 37 55 2 98 81 65 78 63 92 60 31 58 12 23 16 20 85 35 2 63 9 49 54 40 82 3 38 9 26 21 92 67 35 94 63 98 27 91 78 91 25 76 98 90 66 69 40 34 75 98 99 22 68 14 70 57 44 48 73 76 37 71 36 7 99 64 49 33 32 97 40 51 75 36 15 60 93 49 
75 14 99 16 47 52 49 30 79 71 6 82 6 25 34 83 60 8 28 60 19 3 80 50 94 44 32 29 43 70 1 62 45 11 64 60 69 57 73 26 62 40 20 76 74 11 7 32 51 96 39 90 17 77 62 71 98 52 5 83 88 61 1 33 70 59 99 39 26 0 64 18 21 6 54 83 88 86 57 55 25 10 37 0 96 53 72 72 8 41 26 33 4 70 74 10 31 5 84 69 
28 51 18 49 26 23 0 22 72 38 11 79 62 6 11 8 19 96 4 92 2 58 42 88 51 63 41 64 39 13 87 41 94 73 99 16 40 65 97 58 94 51 11 89 35 56 40 10 31 39 59 55 58 98 91 67 39 46 52 91 63 95 92 52 57 62 6 42 84 51 79 63 71 45 59 24 11 80 19 75 82 77 73 82 47 7 27 59 86 81 31 45 70 47 74 41 60 82 44 40 
45 53 92 44 58 0 64 17 23 14 63 10 42 37 49 81 2 48 27 95 92 38 76 35 52 13 94 53 55 62 21 50 35 86 73 22 60 0 6 92 26 10 45 64 50 17 65 51 50 29 87 48 63 12 13 64 97 85 96 43 10 92 81 63 31 88 9 56 23 93 33 92 72 4 21 97 99 8 31 81 11 74 54 98 53 2 43 22 58 71 48 68 2 1 68 99 0 74 10 79 
9 92 29 22 9 76 31 36 52 69 96 86 37 27 98 64 29 6 38 25 10 32 34 99 54 13 33 67 6 76 70 30 22 7 49 77 46 27 38 54 21 58 44 3 41 76 73 6 0 15 34 14 62 70 61 41 98 21 29 67 9 42 39 90 8 19 18 42 54 3 60 62 63 66 63 28 26 29 52 26 53 93 11 17 44 42 87 14 15 79 13 90 30 5 15 82 29 5 65 24 
97 33 95 13 44 49 76 12 97 38 99 33 56 32 44 57 90 21 58 69 92 77 74 49 84 39 54 67 93 39 51 92 36 34 68 67 11 59 80 99 81 7 94 42 85 24 19 11 88 25 71 7 65 1 79 83 47 9 30 49 46 31 11 2 58 28 19 91 21 20 4 22 2 57 36 43 97 93 86 14 56 24 77 95 47 5 23 21 24 91 37 3 86 20 84 33 79 29 44 25 
