8 17 45 73 80 22 47 32 59 63 66 59 76 69 50 82 29 76 77 15 50 78 89 82 17 45 73 57 44 28 22 18 87 68 46 99 96 52 33 14 16 23 86 97 55 59 44 15 79 62 10 44 17 44 52 41 25 12 91 4 24 32 22 26 14 22 42 73 89 13 87 69 58 27 40 1 30 44 41 91 46 82 98 72 82 15 79 13 72 92 50 91 87 67 64 12 94 64 44 91 
31 87 25 80 55 60 26 3 32 23 67 74 52 18 53 61 96 61 77 6 97 21 66 65 62 4 56 13 74 8 65 39 55 72 42 8 51 79 45 58 53 76 74 39 72 85 22 24 3 40 72 31 89 67 58 55 3 31 58 73 46 3 21 96 84 14 28 20 72 30 1 11 82 31 68 67 51 63 55 68 12 87 10 40 43 98 15 24 33 20 49 43 15 94 32 28 74 8 21 89 
20 35 2 33 33 36 35 45 15 64 74 54 90 90 24 98 67 14 30 50 93 23 31 15 96 60 18 28 73 98 46 30 43 73 91 17 17 15 21 38 3 1 68 73 33 85 98 73 13 47 65 74 29 8 22 22 81 12 38 11 94 43 15 32 99 59 82 14 39 12 20 13 31 16 65 67 34 87 40 4 82 62 84 91 40 59 95 4 11 28 53 18 40 21 27 91 94 11 57 33 
33 19 16 15 60 18 61 72 11 98 6 44 49 21 89 21 90 77 10 8 1 15 31 12 80 55 68 78 7 4 37 5 58 45 79 96 29 52 23 14 47 33 75 48 34 53 18 78 8 44 78 23 79 49 4 82 41 86 8 1 99 18 78 55 6 12 64 79 87 56 52 74 83 25 44 81 70 87 81 27 77 21 65 76 17 2 44 39 79 68 72 14 9 65 8 63 94 57 78 96 
96 71 56 62 89 84 33 15 68 49 52 63 14 93 57 4 68 82 58 52 46 6 72 6 85 85 18 32 1 5 50 88 30 34 43 42 64 75 78 93 48 1 80 32 61 18 59 82 91 25 24 81 55 88 72 12 55 90 45 23 67 22 64 35 73 52 93 2 68 42 71 72 79 29 16 10 24 10 95 95 31 35 88 41 45 82 87 70 60 52 21 23 29 62 20 24 55 92 54 53 
90 46 87 75 72 63 46 94 3 59 76 35 35 16 35 9 20 41 23 28 15 47 54 41 82 27 37 16 50 24 77 31 45 61 59 70 15 22 28 72 88 79 36 65 3 68 85 16 45 63 70 7 17 44 52 8 18 99 61 47 77 83 51 97 45 81 35 67 45 94 87 23 73 57 89 26 75 28 25 83 75 34 37 35 36 49 90 85 90 13 14 92 1 69 68 3 63 12 87 12 
5 34 87 48 5 69 8 29 4 58 53 89 66 84 56 15 62 99 54 52 81 81 81 67 29 13 56 56 66 12 3 29 55 96 60 42 65 3 81 27 21 60 27 39 31 27 6 88 55 63 58 80 63 35 26 65 49 81 10 21 82 83 58 47 95 31 77 22 92 98 56 83 70 96 48 61 49 26 61 5 57 75 91 66 44 87 36 82 25 36 68 21 36 47 86 6 74 23 76 96 
54 40 24 98 36 64 19 38 20 60 7 91 54 37 9 29 21 65 21 89 34 43 64 37 79 43 65 13 15 56 31 95 79 68 7 80 86 58 78 79 81 23 21 9 10 79 7 46 21 81 71 35 63 60 7 4 23 87 64 88 23 11 23 7 96 31 71 12 96 40 68 15 23 58 99 0 67 3 83 84 1 27 99 3 13 48 73 51 13 47 75 25 44 70 0 13 52 31 73 51 
23 69 32 39 2 57 20 76 79 36 67 4 76 11 5 54 59 35 9 98 47 39 69 54 41 78 45 85 32 17 56 60 98 4 87 30 2 28 90 88 77 42 64 53 90 25 8 24 25 78 65 20 60 31 11 51 47 84 16 82 42 21 50 44 65 71 17 25 36 95 59 32 6 17 82 4 83 10 14 20 43 35 59 82 41 35 82 29 80 62 67 89 88 92 1 82 48 93 41 87 
7 30 72 10 53 21 60 21 24 84 81 90 94 63 48 75 80 15 80 75 67 25 95 81 66 92 15 59 48 26 53 1 52 54 57 95 18 14 80 59 40 89 54 92 33 83 24 48 24 51 29 54 80 82 64 27 70 67 10 2 44 90 79 11 33 37 58 38 77 88 24 95 23 43 33 87 60 82 51 72 17 71 35 2 36 40 5 47 22 43 94 12 93 74 16 16 8 32 78 61 
55 67 9 96 58 48 2 82 24 47 92 8 64 20 61 26 30 6 92 24 38 34 33 29 29 96 64 41 29 7 71 60 51 7 59 59 92 22 65 87 47 32 17 43 64 20 50 79 34 54 63 95 28 63 69 36 35 41 27 33 43 47 43 8 78 32 98 31 33 67 45 86 0 20 64 54 13 17 71 52 32 55 27 55 98 37 8 54 32 93 13 65 26 50 55 49 90 63 53 53 
17 30 55 40 28 27 74 77 32 65 44 10 21 13 0 24 15 82 0 46 58 69 61 68 78 98 19 2 94 18 57 25 9 11 59 48 57 68 91 99 4 6 8 25 8 64 30 80 8 69 54 17 28 83 52 59 35 22 34 60 31 50 10 66 37 22 73 52 26 61 30 73 77 26 25 12 46 44 68 21 0 22 97 42 66 85 38 86 86 1 22 90 95 80 84 57 83 27 0 97 
80 17 77 70 24 99 37 55 98 53 40 39 43 9 43 74 13 85 35 12 23 65 53 65 89 55 51 33 1 70 98 41 82 17 82 19 80 76 45 51 72 59 0 83 82 50 22 5 80 97 98 33 24 57 88 68 25 26 91 23 66 11 77 12 0 71 38 76 41 25 69 68 20 58 81 25 59 13 91 2 63 63 89 31 35 37 3 20 63 7 47 10 50 62 98 46 50 56 5 84 
32 98 13 81 43 18 79 28 44 18 54 69 66 97 66 43 95 13 33 17 40 13 72 3 54 47 45 54 29 16 78 79 71 95 69 7 16 99 97 13 33 61 71 55 6 38 62 36 5 45 28 30 40 56 86 33 37 6 54 52 40 60 59 86 9 32 48 69 92 34 5 23 85 95 22 16 79 62 13 64 24 5 26 67 53 47 9 26 24 64 12 33 35 26 82 89 51 73 15 32 
37 13 45 27 88 14 2 12 55 41 55 71 44 49 20 49 85 64 37 59 97 91 64 29 75 55 88 27 71 98 22 0 61 66 94 84 22 32 0 77 20 83 95 26 81 81 18 0 19 86 97 38 38 77 3 79 99 88 85 33 32 3 73 52 56 83 0 11 32 79 52 26 69 92 47 89 84 89 88 52 16 17 23 91 87 56 78 64 59 92 53 26 62 33 92 40 84 26 46 79 
21 65 86 5 74 4 21 11 24 42 77 12 14 70 81 69 10 82 24 71 52 6 39 55 82 14 22 94 59 50 54 22 21 16 10 7 24 23 2 65 5 90 91 92 99 47 11 49 73 89 96 61 85 32 97 20 75 23 28 43 4 42 78 25 97 78 91 95 14 49 9 50 56 35 20 49 99 89 23 31 0 95 33 69 10 37 81 16 85 53 58 66 20 28 47 34 99 6 10 77 
85 19 68 55 4 59 73 43 53 0 60 6 77 99 64 4 92 89 48 59 53 74 52 9 54 59 57 21 82 39 76 99 23 95 37 59 1 96 14 77 81 17 69 86 54 81 69 18 37 52 94 27 78 80 30 28 26 23 8 9 23 3 74 46 26 47 77 99 64 56 58 91 11 42 3 80 38 5 16 34 36 25 82 81 56 74 3 88 76 4 99 51 28 69 51 81 70 1 24 35 
32 73 11 7 52 77 82 16 34 19 25 48 50 39 13 48 44 75 33 25 81 54 40 87 32 89 70 70 9 91 78 86 13 22 91 79 23 56 30 13 73 15 35 34 25 55 60 38 61 89 70 82 36 21 5 16 0 67 14 57 9 43 79 60 4 99 11 71 88 77 74 48 51 73 39 70 12 2 61 23 51 67 47 79 74 89 39 26 86 55 84 23 46 19 66 23 0 47 31 24 
55 7 12 88 88 85 85 8 47 40 25 64 58 77 56 10 46 38 90 98 81 54 40 60 74 78 89 32 21 24 98 50 13 73 42 94 1 59 37 45 39 29 67 13 51 35 4 4 76 17 77 36 26 46 22 31 63 48 26 34 87 73 18 68 94 9 69 14 1 19 83 44 11 62 5 45 61 73 84 72 36 68 22 99 35 96 25 73 20 84 61 99 7 83 9 6 72 6 97 87 
96 74 26 50 96 93 89 60 13 7 49 92 7 5 47 40 43 53 67 33 38 44 84 23 56 92 80 65 37 28 37 9 51 10 60 79 72 16 76 84 62 65 61 20 52 70 49 35 14 79 14 28 48 19 86 59 35 21 59 21 56 67 35 69 97 64 63 50 97 49 58 62 88 95 44 17 7 41 24 83 9 87 23 54 98 61 58 83 38 10 26 22 38 47 73 11 58 93 32 64 
39 82 99 33 3 58 40 55 57 56 40 72 83 38 2 42 76 59 1 94 91 75 16 58 5 60 36 38 51 64 86 88 8 1 62 27 44 96 8 41 29 93 32 19 52 43 11 0 87 31 79 84 14 21 83 60 28 31 12 75 91 60 31 3 98 24 17 28 10 3 27 28 63 55 9 96 25 25 65 77 10 62 64 35 85 94 33 98 48 46 61 74 86 83 89 60 44 38 2 81 
65 21 66 39 43 13 79 94 77 62 65 29 2 4 95 85 46 64 59 85 91 94 10 74 5 16 6 84 27 23 58 54 62 40 77 7 34 41 58 70 40 9 99 19 33 6 82 30 37 77 41 4 24 96 57 71 79 23 12 43 70 63 96 70 20 98 99 4 8 6 26 99 42 6 75 84 17 82 3 91 84 31 46 83 95 70 36 90 36 83 23 76 13 74 98 46 51 21 94 77 
51 12 71 14 76 41 17 68 82 14 75 43 17 41 28 56 61 34 52 11 60 62 77 32 68 0 14 21 28 76 72 46 25 91 12 74 57 18 40 54 62 48 50 92 24 98 89 97 57 6 12 33 36 35 64 66 96 89 66 24 86 50 34 72 41 11 78 60 66 89 46 2 75 98 51 91 19 16 58 86 99 0 26 21 7 99 94 7 68 85 8 10 89 13 64 23 83 37 29 80 
78 90 17 13 80 39 36 26 80 22 79 80 44 67 8 22 46 28 61 90 69 32 68 24 93 48 70 10 52 67 65 93 61 5 62 91 82 14 67 37 78 56 83 6 30 86 8 13 84 15 50 28 21 74 12 34 87 23 40 14 87 30 86 24 79 34 73 19 32 1 41 87 82 78 92 38 40 3 80 62 17 0 96 36 35 52 3 31 18 86 21 58 13 22 31 12 25 58 29 50 
90 39 94 97 18 92 40 81 99 97 76 20 33 40 89 8 24 72 12 0 27 69 78 75 92 40 41 30 86 75 96 79 29 4 30 79 45 90 20 57 45 12 62 71 85 41 35 73 86 76 12 80 85 84 95 37 2 6 92 1 42 66 24 43 0 0 88 68 44 9 44 58 61 24 29 52 84 88 99 73 60 34 11 4 92 28 44 87 35 18 68 42 6 92 86 17 99 99 49 24 
65 67 8 48 44 9 44 91 38 22 61 20 62 52 89 91 72 79 81 77 85 30 17 61 45 31 42 54 98 5 57 65 79 69 63 33 28 7 76 39 16 25 89 69 24 32 93 22 82 30 49 5 2 36 26 53 95 77 99 10 18 86 64 64 90 99 47 28 68 26 29 73 81 35 38 49 19 76 76 32 37 26 13 0 41 55 20 6 49 5 27 48 54 79 90 20 63 58 82 55 
25 39 46 61 57 99 82 28 67 19 95 83 49 21 57 41 35 79 92 2 30 6 72 45 82 50 59 54 53 28 13 39 37 80 5 58 65 17 15 13 98 29 3 56 91 93 17 6 99 92 35 6 54 22 7 76 87 32 94 81 48 75 68 19 59 22 20 12 19 4 86 56 54 2 99 29 30 96 49 87 53 49 20 81 2 8 56 30 68 90 60 35 65 46 98 67 51 34 76 96 
62 58 59 46 22 38 46 66 94 36 96 45 38 68 46 77 76 36 95 34 65 22 89 44 11 4 5 5 22 50 93 74 31 58 57 51 67 1 43 22 8 0 56 20 28 1 88 66 83 58 55 25 3 58 17 61 90 27 79 55 59 4 63 29 92 64 18 6 64 19 31 46 23 92 7 87 54 62 19 17 16 46 86 75 77 92 84 94 71 10 29 13 58 63 46 74 4 56 36 24 
69 88 46 6 19 95 22 98 81 68 19 18 33 16 22 35 31 54 29 74 44 29 83 20 96 22 37 76 92 59 24 92 14 68 36 65 36 79 21 47 95 67 4 80 53 4 88 61 22 3 33 94 0 44 88 87 92 83 37 60 2 47 14 3 44 51 77 7 79 27 79 99 51 71 58 7 92 27 59 19 81 31 76 97 56 27 50 4 78 5 50 42 80 13 93 93 46 98 20 9 
11 71 25 29 21 29 68 29 23 15 65 10 88 62 10 24 90 70 87 60 98 84 16 61 34 29 99 1 88 63 19 71 25 59 40 83 90 15 59 95 85 49 20 17 64 19 23 71 41 45 8 93 73 16 43 13 30 84 90 11 83 4 96 48 8 88 26 49 49 75 59 84 75 94 62 22 75 60 38 53 77 40 73 11 70 25 10 88 30 48 79 13 86 43 76 57 8 36 35 56 
38 83 0 58 19 60 77 53 71 73 85 14 95 59 66 62 66 3 66 95 94 43 98 0 65 2 22 33 69 32 45 76 6 49 14 77 39 45 5 11 40 76 58 91 86 87 50 36 16 10 31 5 36 3 31 15 33 31 32 9 96 52 47 16 16 79 4 86 86 87 12 36 49 90 58 72 35 26 15 32 56 34 93 75 74 46 50 31 49 20 76 1 88 57 20 61 40 47 12 25 
69 84 9 43 14 99 88 72 88 26 67 52 62 31 44 92 48 7 10 3 13 16 23 88 73 21 1 2 95 56 48 21 27 7 63 21 59 55 58 64 87 53 67 41 59 90 12 26 92 2 92 57 74 39 17 3 8 2 42 72 12 78 57 95 60 48 31 1 53 7 6 44 72 57 27 86 82 29 60 9 40 58 24 57 90 69 2 5 76 38 14 42 63 17 54 22 65 79 85 52 
11 37 50 31 69 0 46 79 43 2 57 98 51 61 58 12 32 54 58 74 21 19 79 93 68 73 29 3 65 88 52 17 57 59 0 37 76 64 78 54 3 59 7 73 46 6 97 70 13 42 36 20 20 48 15 45 92 14 0 98 76 47 46 49 32 19 12 63 44 8 29 17 61 86 18 33 72 1 31 18 27 13 57 69 40 13 55 93 74 72 28 18 14 40 65 7 15 63 8 1 
90 12 24 84 65 29 65 43 41 78 2 21 13 43 45 9 9 82 51 38 35 15 9 39 84 3 98 57 34 2 46 34 25 67 75 44 44 6 30 18 57 78 75 47 51 12 92 53 87 70 75 55 73 7 7 22 57 88 17 4 94 79 88 67 21 51 13 92 97 64 63 67 89 91 98 38 38 60 30 69 27 15 87 29 98 77 58 55 98 59 14 30 78 36 32 31 11 87 92 66 
8 47 17 22 96 26 7 49 45 64 90 16 8 96 62 15 30 87 97 49 61 0 1 91 46 16 79 15 89 16 82 75 37 35 48 6 34 7 57 34 89 30 10 42 43 46 33 78 35 66 1 5 72 8 77 78 6 23 0 31 13 92 8 37 57 72 47 68 88 39 25 62 96 0 28 57 31 43 52 58 91 7 82 14 43 29 95 32 75 65 69 46 35 20 14 12 47 34 80 75 
5 76 72 36 76 76 21 22 40 84 55 30 18 36 52 29 84 93 59 93 48 46 32 20 98 88 32 32 72 97 9 91 57 88 12 5 80 32 32 96 62 81 2 82 18 11 95 54 33 10 61 44 34 70 66 38 46 64 77 35 3 1 39 2 81 61 13 56 69 34 47 21 54 95 0 76 1 23 98 88 90 74 45 77 48 73 91 40 79 1 23 36 88 86 74 82 72 29 65 50 
86 56 48 1 31 32 14 9 59 27 19 84 49 28 10 26 90 24 27 25 62 65 56 57 59 92 90 99 22 43 74 22 15 29 24 97 69 53 96 92 22 13 16 21 32 95 6 60 32 21 61 14 86 74 89 91 89 24 62 10 20 34 1 49 21 53 67 93 45 67 82 39 40 0 54 4 90 17 71 94 63 65 55 86 39 90 18 41 29 16 8 30 77 20 94 47 11 96 5 96 
22 93 60 38 36 76 64 56 68 17 93 13 46 57 71 14 34 95 90 15 75 5 78 97 37 28 53 39 41 54 2 39 64 70 73 54 79 25 16 30 5 31 86 80 57 91 42 22 82 20 79 35 36 28 25 40 5 38 98 89 7 91 25 45 96 88 19 91 48 31 16 33 37 47 13 61 17 33 36 97 87 8 71 19 63 16 40 13 11 14 36 39 86 3 11 27 0 82 12 92 
35 10 74 30 60 69 21 0 57 41 60 80 13 89 75 35 88 36 85 60 17 64 92 98 33 18 68 20 59 4 21 41 44 46 0 45 99 81 47 78 21 81 88 70 57 38 55 20 20 86 22 81 79 16 14 21 81 64 72 89 46 22 2 68 56 88 42 89 73 51 83 87 98 76 66 24 6 47 58 21 46 97 53 35 12 11 34 66 72 1 71 18 63 52 62 2 30 78 86 67 
95 96 69 22 86 54 7 89 45 24 86 60 30 96 44 2 60 39 72 69 64 86 12 14 77 26 98 86 38 97 54 38 8 46 68 56 0 71 31 70 49 93 93 94 84 49 71 59 31 41 31 71 89 9 84 46 77 60 91 98 61 26 4 23 48 50 98 32 25 51 26 94 62 26 56 25 61 15 76 34 26 74 73 56 94 96 76 69 85 82 7 62 94 71 94 61 47 5 57 39 
99 50 47 14 48 12 67 97 60 86 37 82 40 72 8 11 99 65 77 0 52 40 34 71 41 10 24 89 34 21 2 69 97 56 23 74 72 85 42 57 62 22 72 80 29 25 33 33 8 74 54 74 51 94 82 65 87 17 28 26 60 96 41 21 80 57 19 73 57 66 12 62 86 80 31 63 14 67 36 93 33 73 70 56 88 57 10 83 59 34 9 90 41 36 2 3 14 5 33 36 
24 91 35 76 68 50 71 60 74 16 52 4 31 84 60 98 30 51 97 78 97 32 6 50 57 71 32 32 13 84 69 78 51 9 81 2 84 21 47 50 17 39 74 49 6 90 29 43 5 86 44 41 18 83 64 68 13 40 0 28 69 46 1 4 48 86 79 20 95 81 57 78 80 51 79 89 4 7 53 59 2 20 39 37 53 58 95 32 77 99 26 22 85 8 71 9 51 72 41 48 
32 83 99 40 93 86 97 24 51 51 76 3 4 59 53 73 74 27 15 49 75 55 50 83 41 16 92 82 90 30 66 79 43 13 38 91 51 23 12 93 50 38 78 59 91 57 80 94 33 25 43 88 33 30 0 90 29 52 80 67 95 39 8 48 21 89 14 43 39 90 94 77 82 80 42 66 36 52 66 88 63 52 37 41 66 95 55 60 22 30 55 63 17 61 73 92 65 61 67 2 
75 67 33 99 73 57 25 85 41 99 76 82 3 76 87 55 91 2 17 53 66 28 5 31 73 75 18 30 59 47 73 57 66 14 39 56 98 13 83 40 37 30 62 45 42 62 22 2 78 20 36 0 92 57 53 18 74 73 91 48 60 26 47 31 21 75 42 47 34 60 8 6 45 65 64 52 42 40 73 79 34 99 53 42 33 92 64 65 24 31 55 42 39 13 70 62 2 75 91 53 
79 6 32 19 23 4 74 20 82 7 10 74 52 4 60 58 43 79 3 3 91 73 64 17 44 54 66 50 75 52 53 89 4 96 86 72 14 95 67 40 79 28 3 30 94 87 4 73 81 57 35 53 4 39 20 49 3 28 87 84 60 99 54 80 25 32 75 49 31 2 12 41 35 93 62 16 79 77 15 78 20 66 67 26 18 85 16 89 53 11 61 80 76 21 0 94 39 92 3 21 
40 73 57 63 93 99 29 24 55 88 47 78 79 46 6 91 18 83 64 30 9 15 83 73 35 4 20 2 85 78 14 89 12 4 74 17 41 71 85 37 67 14 37 48 18 33 27 76 51 85 60 71 36 80 86 92 77 54 30 85 47 96 20 72 68 40 55 55 48 68 13 27 50 1 45 41 13 67 47 96 89 28 87 17 69 14 6 56 71 21 98 94 90 48 69 83 66 39 75 39 
89 77 35 27 40 75 46 45 81 16 14 60 36 30 19 16 60 26 47 74 79 7 11 62 85 4 12 26 89 78 99 2 56 92 41 57 62 46 74 27 53 49 84 99 89 25 10 55 37 18 85 45 64 95 11 21 20 99 6 60 13 18 11 19 81 32 56 96 39 4 79 92 70 32 44 34 39 95 69 30 9 63 63 62 7 52 24 46 91 65 75 2 79 29 79 71 13 85 12 13 
55 24 98 19 50 98 88 12 6 6 96 43 59 98 99 73 26 92 31 89 75 34 79 95 54 37 95 81 7 3 41 35 54 62 55 29 27 80 46 70 7 4 38 35 83 57 39 81 28 14 0 7 92 38 17 35 66 45 66 47 68 74 10 47 13 54 26 81 9 8 83 36 81 87 65 93 58 10 8 14 86 94 50 32 4 41 23 16 39 40 90 37 39 46 61 20 63 24 42 80 
82 80 3 61 36 34 67 38 35 23 62 98 63 96 23 67 25 39 67 80 26 28 49 97 80 3 68 23 69 72 21 66 80 23 41 85 68 37 85 37 78 30 28 2 55 96 9 25 38 60 90 67 7 60 44 12 95 93 44 44 54 50 97 54 47 96 11 10 74 39 15 60 96 61 36 1 82 22 57 93 79 64 68 70 20 36 99 41 65 32 37 94 38 94 27 68 1 97 87 89 
73 2 72 87 76 14 20 49 29 14 31 64 25 12 49 9 71 72 53 81 49 0 30 46 69 84 18 74 12 49 18 41 18 65 26 71 50 52 49 30 39 65 18 74 31 26 80 91 23 36 4 11 52 42 81 59 88 57 4 73 23 44 24 0 20 84 63 8 63 3 95 49 21 13 24 62 97 67 50 52 69 40 98 41 88 36 12 86 66 55 63 48 91 38 24 94 51 68 24 97 
65 95 69 38 5 79 7 44 36 56 47 14 95 16 4 59 19 92 52 2 67 43 33 81 83 87 44 12 79 67 73 47 95 20 85 16 89 72 44 45 3 15 63 90 51 8 42 62 85 20 65 40 52 70 0 0 11 47 42 94 1 54 54 73 26 70 21 96 65 6 3 93 66 98 62 55 13 81 19 54 32 94 82 56 8 59 40 38 99 70 51 75 40 81 70 0 16 5 66 13 
83 55 0 59 6 60 75 35 20 41 65 10 58 89 45 65 51 89 47 71 16 76 3 12 48 17 75 24 64 45 40 92 57 2 75 88 14 84 4 50 4 50 90 47 34 8 56 71 26 54 4 78 41 17 70 20 42 44 7 16 50 83 3 84 62 78 15 0 90 24 87 45 93 82 63 56 13 93 28 4 40 25 10 83 66 78 24 4 93 64 95 20 99 69 14 30 35 69 1 18 
51 27 65 88 44 27 4 38 90 47 73 81 89 61 86 84 28 73 40 27 73 55 83 58 42 24 6 62 39 38 29 10 20 45 50 34 72 59 84 96 73 38 7 81 74 68 72 15 74 51 31 78 47 19 6 51 95 37 48 99 34 33 51 17 1 90 21 68 25 0 65 79 46 70 49 70 13 69 63 88 97 61 49 65 74 99 50 38 15 90 41 22 9 50 35 87 42 78 0 93 
7 21 25 39 74 75 89 72 61 32 5 20 99 81 78 23 42 58 53 56 5 1 60 2 10 33 4 75 36 53 69 42 91 73 29 71 64 89 85 4 63 77 32 38 30 57 6 44 0 6 8 88 45 85 84 64 84 42 35 42 22 27 21 34 37 26 65 44 5 8 66 70 93 40 29 7 85 68 24 45 91 38 95 56 28 25 24 59 32 89 60 59 17 44 84 14 35 99 69 33 
92 64 64 33 22 38 36 35 1 22 97 98 55 62 9 88 57 67 97 64 92 98 59 3 11 81 85 18 75 24 69 55 69 22 46 81 78 37 13 1 61 62 53 35 92 2 72 89 48 58 91 10 55 78 68 58 78 12 26 37 68 49 40 65 24 76 18 92 22 86 4 94 61 30 64 42 63 98 54 3 62 42 62 54 45 15 10 15 38 78 41 88 59 6 15 96 90 88 54 31 
73 49 76 9 38 65 98 66 91 6 12 13 33 31 2 76 47 18 27 7 81 20 71 10 82 43 46 52 42 84 31 29 48 75 46 47 10 7 62 73 97 30 26 12 16 1 6 79 72 40 81 5 17 8 92 4 39 89 69 12 36 90 65 32 21 22 22 88 76 28 70 60 55 59 92 31 0 60 76 92 28 51 85 25 98 80 16 89 22 86 76 28 41 32 72 12 30 4 92 79 
5 96 32 74 43 59 93 79 95 84 10 34 52 5 10 21 50 7 90 78 18 63 42 61 32 32 71 70 10 80 4 12 51 84 1 23 29 51 3 68 16 77 49 82 39 33 42 19 83 56 36 7 11 97 0 79 33 49 19 26 86 93 53 52 45 90 28 41 44 68 8 85 91 47 0 67 13 22 23 87 17 97 72 3 13 78 66 22 12 34 12 91 49 33 25 39 59 83 39 14 
44 92 21 58 97 99 77 14 95 2 46 38 46 61 91 50 29 48 76 4 50 77 10 2 15 43 90 84 50 95 92 90 85 57 70 25 49 99 58 7 0 24 27 20 48 16 21 57 26 61 54 52 35 97 49 18 97 11 5 76 13 27 17 38 47 74 38 27 44 21 96 13 4 48 98 56 42 26 25 88 32 91 75 24 69 14 61 92 34 41 13 75 56 41 80 85 7 6 63 83 
24 63 11 65 75 90 79 10 93 87 5 66 7 25 37 60 2 76 21 96 26 53 12 48 36 67 81 16 37 35 99 46 75 95 95 14 82 10 77 24 11 95 99 72 0 98 86 38 89 35 70 29 73 19 84 71 84 68 62 75 67 52 23 19 60 79 7 5 84 20 85 39 51 46 12 10 26 96 59 7 2 40 88 79 96 55 34 61 8 3 29 25 59 69 95 4 56 17 77 5 
70 44 83 78 78 0 56 7 26 22 12 29 54 37 55 95 50 97 50 42 33 34 96 91 68 10 66 81 50 4 39 39 22 26 71 67 2 50 42 47 35 24 52 4 40 7 90 13 48 61 8 41 58 52 77 52 79 83 70 71 38 4 30 90 87 23 1 6 14 86 56 7 17 34 77 4 29 62 15 60 64 11 4 67 59 49 89 81 35 44 93 2 1 45 22 31 34 41 76 72 
46 1 16 55 0 68 97 8 71 47 20 21 4 96 53 95 60 49 19 6 76 1 80 73 90 86 59 58 1 69 26 45 11 52 11 46 69 23 17 8 92 72 34 71 32 78 56 46 62 40 29 78 70 74 91 93 5 57 84 26 15 12 93 16 64 25 33 29 7 9 57 29 32 47 53 11 74 71 37 79 44 78 41 73 82 99 38 45 58 82 82 80 68 88 42 14 41 42 14 8 
91 55 56 11 73 47 45 97 52 1 4 95 63 15 56 61 99 97 24 86 38 51 37 87 77 35 93 78 55 90 81 77 91 73 44 29 45 43 13 44 82 46 17 70 54 71 38 63 9 2 35 12 12 21 5 8 57 36 81 17 29 20 40 27 9 88 99 0 19 77 30 21 74 65 23 15 97 66 27 30 93 64 45 94 60 48 78 26 16 58 99 18 99 18 61 64 5 74 22 47 
80 88 9 59 2 97 91 55 16 49 26 31 58 49 47 76 3 53 83 82 22 19 92 74 45 67 85 57 33 57 1 39 59 44 91 43 65 36 9 53 16 2 13 65 40 75 89 80 12 22 18 8 76 82 90 17 28 15 91 29 79 7 39 79 60 17 31 16 92 53 49 78 44 42 2 50 40 68 34 63 64 8 85 23 1 27 41 54 83 78 25 65 23 82 66 48 72 6 12 47 
6 68 7 9 24 50 6 30 81 10 4 92 85 96 21 76 86 50 51 34 59 36 73 36 3 53 92 34 89 82 89 91 27 21 95 95 29 5 13 42 19 64 5 8 45 36 66 2 14 63 42 12 15 1 89 39 89 4 50 96 22 10 23 65 31 64 12 32 6 18 10 10 3 74 94 94 24 78 31 94 25 62 92 49 23 85 95 93 76 71 92 3 56 55 42 41 63 97 79 15 
83 35 91 49 44 63 19 36 80 37 29 71 95 87 63 16 63 64 52 79 57 5 58 98 21 49 10 82 22 72 68 53 65 99 50 68 46 77 75 98 19 25 45 42 89 98 4 90 0 83 55 97 51 40 72 98 96 20 63 9 9 90 71 61 67 85 52 94 77 7 84 17 20 57 97 70 34 35 50 54 69 16 6 6 70 59 45 58 33 1 72 65 47 97 35 24 85 35 97 84 
66 57 16 37 12 43 41 49 55 23 59 33 90 36 75 90 26 59 10 43 33 82 78 19 24 26 26 73 91 88 25 82 68 20 28 9 66 62 71 88 34 32 5 95 56 84 99 55 56 86 51 93 71 61 25 30 52 90 94 9 38 84 75 91 68 30 0 90 30 90 50 93 85 84 49 11 74 98 54 67 23 69 4 51 3 92 61 47 12 83 12 75 85 95 24 3 12 76 28 47 
32 3 9 92 48 49 75 94 96 84 88 78 56 88 29 69 98 5 70 77 7 19 72 56 41 57 89 35 74 26 95 21 13 74 49 4 25 13 15 31 51 9 80 37 9 36 1 76 63 54 71 18 1 88 17 44 24 7 83 31 58 33 7 24 56 9 78 6 46 42 24 19 14 44 51 43 64 55 85 40 58 29 90 23 90 68 13 34 65 79 29 18 90 31 86 11 22 49 35 98 
71 22 80 25 69 55 22 61 69 2 97 1 16 53 17 6 31 50 10 35 37 74 82 21 0 34 9 42 85 30 34 35 50 52 5 58 49 77 83 71 58 22 41 73 83 46 17 3 72 74 45 90 94 93 69 52 40 8 40 55 31 57 53 65 33 12 16 2 61 10 62 84 69 66 5 47 50 60 89 73 59 95 10 56 67 98 51 82 24 35 26 91 56 64 13 29 95 66 81 48 
25 82 25 97 30 9 68 85 86 47 35 33 66 87 81 24 32 23 96 35 94 78 41 69 66 89 34 23 41 94 51 25 73 93 38 33 63 5 24 59 37 59 29 91 60 69 53 31 10 94 40 0 90 12 3 42 83 94 72 98 70 92 0 40 14 3 7 5 22 89 23 78 62 44 12 46 6 77 80 85 32 45 19 17 42 3 89 81 3 49 55 31 6 68 22 6 71 76 2 84 
86 81 66 30 98 54 96 86 26 32 28 69 74 98 44 85 80 90 63 20 68 85 46 25 41 50 30 74 9 4 35 99 96 81 9 70 91 33 97 92 75 96 22 71 60 19 92 61 23 1 4 7 32 97 46 5 24 46 56 5 70 16 88 34 55 73 27 35 3 98 99 0 30 90 69 24 23 95 47 92 24 76 50 27 94 51 23 51 66 80 52 67 12 66 76 64 27 89 82 97 
70 91 89 5 37 78 67 32 7 54 57 15 25 39 87 76 31 74 85 38 7 61 57 35 3 47 50 90 4 77 88 3 42 25 60 92 31 41 30 75 66 84 78 93 37 94 56 21 30 26 8 62 80 7 96 57 85 84 67 3 75 1 14 73 45 45 72 37 76 41 28 35 70 41 1 80 89 65 21 3 91 67 3 44 16 60 17 90 16 95 55 16 87 5 80 72 19 25 89 71 
1 60 15 75 98 49 20 81 15 21 26 5 58 89 87 96 3 2 16 30 32 38 5 0 17 85 93 36 78 7 47 18 93 88 31 61 39 92 65 66 2 48 6 84 20 84 45 53 30 39 77 16 43 64 55 52 3 86 15 40 20 66 13 59 0 39 74 33 95 90 69 59 6 79 83 4 12 8 98 8 8 53 40 57 75 92 35 92 79 98 92 69 85 5 29 34 35 3 23 77 
48 63 4 75 4 35 95 68 79 18 73 45 45 14 28 41 64 8 18 95 5 31 57 14 19 98 37 2 37 90 13 42 54 60 41 51 7 46 71 20 43 32 29 35 78 69 18 59 56 59 48 97 71 75 98 8 24 16 18 84 70 23 97 63 83 31 25 86 51 94 23 50 74 39 65 46 38 82 42 43 45 97 33 55 27 4 86 54 3 95 87 23 98 74 83 41 49 26 1 65 
1 10 82 79 52 92 50 31 85 69 16 2 66 70 89 85 53 4 83 69 45 35 98 52 46 31 99 87 48 55 51 0 48 73 38 10 99 73 20 38 39 58 12 84 68 22 99 59 55 81 99 37 45 72 5 30 29 98 56 87 78 36 27 90 48 13 93 16 53 68 15 2 49 61 17 76 9 69 84 7 35 22 3 21 43 6 69 38 96 95 55 65 93 11 87 96 18 41 76 80 
30 60 14 84 26 38 76 75 64 87 0 84 56 95 11 22 95 69 50 16 54 58 16 54 17 94 22 65 32 49 63 88 84 28 63 67 75 33 17 84 78 20 11 0 43 84 63 15 98 58 80 27 71 35 79 62 88 92 91 38 65 45 53 72 57 22 44 28 95 38 92 12 13 13 9 91 15 89 83 17 95 3 95 24 11 62 68 68 92 48 63 46 82 89 0 1 60 53 46 99 
82 93 69 79 76 4 29 82 20 58 18 19 6 33 66 50 67 20 31 93 88 4 2 10 13 53 74 19 90 1 89 35 56 55 35 40 83 70 9 57 34 91 97 50 32 45 66 10 26 39 31 68 49 67 47 41 13 93 32 9 82 42 68 16 6 62 36 63 63 84 51 55 94 0 72 18 48 29 76 59 36 1 89 26 26 77 8 76 66 81 86 32 88 52 45 15 7 36 30 54 
23 16 0 9 31 81 15 98 42 79 5 82 42 32 9 79 15 2 27 7 21 69 0 19 0 75 86 92 35 79 66 90 11 40 35 7 6 47 82 78 51 53 8 87 79 78 15 42 56 51 17 17 49 62 25 43 59 51 24 67 91 13 79 30 28 23 38 60 73 56 84 51 50 77 4 69 47 33 19 7 34 54 62 15 55 42 31 52 48 20 67 14 6 68 59 31 45 0 59 4 
50 17 18 53 63 70 16 84 75 39 20 7 80 84 18 64 33 11 8 33 96 55 23 68 4 98 12 32 14 41 87 0 81 59 68 55 59 24 69 78 50 87 68 46 35 5 4 89 77 51 1 14 9 58 35 87 5 34 31 7 67 13 82 0 4 84 70 42 81 22 63 84 92 16 65 3 17 54 50 33 7 96 38 64 73 2 53 15 58 92 32 4 81 80 4 43 53 86 48 2 
21 54 94 65 10 84 72 67 92 25 82 69 69 24 34 59 52 88 27 29 71 0 15 85 39 74 17 62 60 68 9 98 15 71 33 71 78 30 28 98 36 52 69 89 9 33 63 50 84 50 10 89 14 5 0 43 10 59 88 80 43 49 87 34 44 57 85 74 67 6 35 62 3 29 11 44 62 34 43 94 91 58 93 14 89 38 58 52 33 31 22 78 60 3 92 87 31 29 95 43 
2 16 39 38 91 86 15 79 29 55 19 23 5 74 6 17 19 40 18 92 32 50 59 91 86 13 97 77 49 1 37 98 77 76 77 40 44 85 23 89 69 71 51 8 64 32 43 29 96 4 61 15 71 44 75 48 98 79 22 63 8 22 95 86 11 91 41 25 16 52 45 67 38 44 22 29 58 63 6 11 1 74 48 80 95 42 18 69 99 53 42 42 39 4 55 75 84 7 3 56 
41 78 30 92 21 13 2 71 18 95 29 79 13 38 70 55 27 98 3 93 85 99 87 58 75 96 3 31 5 57 95 6 98 23 98 69 28 34 9 98 21 24 52 4 5 5 30 17 99 37 84 57 48 33 3 22 2 72 65 35 77 90 64 86 8 75 33 25 65 16 20 41 22 78 85 82 43 29 87 14 92 52 83 48 45 51 27 90 79 10 35 98 0 0 79 81 6 58 62 49 
68 9 63 77 53 81 42 71 25 47 18 1 93 62 93 83 23 65 11 91 10 20 10 50 99 0 96 86 4 92 79 81 0 86 50 21 58 61 37 80 7 48 91 75 70 54 41 65 91 72 62 29 48 44 89 51 29 87 23 66 26 33 46 56 17 67 84 30 62 74 88 12 7 67 90 7 72 50 29 91 87 78 10 11 52 88 78 46 6 36 88 65 41 65 64 99 71 85 51 68 
96 44 52 24 75 87 50 10 54 0 23 80 13 80 33 58 30 58 83 75 75 38 70 94 60 8 36 89 11 58 25 6 73 59 20 3 83 10 32 99 20 90 28 41 29 51 32 57 98 61 81 65 7 3 6 78 11 11 4 67 76 52 31 20 83 76 86 87 33 51 13 3 51 71 20 78 57 50 27 77 53 65 84 37 70 54 16 80 95 24 42 60 6 81 85 31 97 45 16 8 
59 74 55 22 70 23 43 46 15 80 57 89 2 74 76 66 93 31 72 69 27 97 63 25 98 79 50 99 56 88 75 23 52 94 10 95 81 30 77 94 15 31 16 6 98 56 8 53 31 54 38 56 31 76 51 70 43 89 16 23 90 55 71 8 1 73 48 70 0 36 41 97 63 42 82 84 4 47 38 58 4 95 90 26 48 7 90 98 97 6 85 12 97 96 76 2 53 90 59 69 
20 89 88 16 29 64 88 14 28 79 88 92 56 6 31 39 25 36 36 65 8 44 86 46 28 61 34 30 52 6 53 21 44 33 42 39 76 67 54 33 90 84 91 63 64 55 78 26 54 41 48 57 89 26 95 12 72 32 56 80 38 63 92 97 57 13 63 45 61 34 84 16 55 26 75 0 63 94 39 27 8 33 88 11 43 64 11 42 3 56 63 22 76 86 25 39 17 3 15 66 
71 33 70 12 66 70 43 59 50 55 6 24 38 52 86 26 39 14 20 73 69 45 39 59 61 83 55 31 98 12 29 31 86 80 55 80 43 42 1 15 83 55 58 70 36 73 78 56 4 16 60 13 60 78 40 45 17 10 72 66 52 17 42 56 82 71 40 17 19 7 55 37 84 56 61 96 43 70 34 45 94 26 56 49 50 33 94 29 93 8 50 8 69 20 63 80 96 86 9 26 
37 90 50 84 1 39 65 68 9 50 97 30 93 16 84 38 54 85 60 46 4 95 18 32 27 63 97 68 95 58 66 89 22 49 66 73 8 1 11 98 65 17 42 71 82 39 44 79 69 11 7 92 54 9 92 83 42 48 91 75 3 93 35 87 68 78 54 76 79 16 23 35 16 8 50 51 36 97 83 13 97 85 3 21 48 36 72 48 44 13 28 14 45 56 59 86 93 0 36 92 
14 14 44 71 48 25 5 43 88 43 43 52 24 12 52 39 81 10 45 56 39 93 59 53 68 20 35 82 48 2 66 74 71 38 8 37 56 69 95 46 36 10 10 19 78 32 30 82 45 82 89 42 82 55 5 87 17 11 15 86 6 10 37 1 40 75 97 74 84 76 7 17 38 12 97 74 34 49 49 39 61 16 94 83 70 1 26 32 30 3 67 79 42 75 49 78 40 71 16 25 
17 79 3 67 50 51 32 86 76 36 88 57 8 95 9 27 42 62 14 66 45 18 15 17 48 17 98 28 48 77 89 79 54 8 77 33 50 6 30 67 32 91 0 46 30 49 2 33 54 2 68 82 53 30 2 95 92 56 55 36 71 1 92 95 35 29 30 10 16 40 97 96 79 52 5 63 63 25 24 98 71 53 90 43 47 58 90 85 23 40 26 45 9 63 88 78 49 36 30 16 
19 31 87 34 36 17 27 98 8 51 85 93 67 43 14 22 78 5 61 64 32 89 17 52 94 99 63 99 95 27 16 24 92 42 9 13 99 20 93 59 24 3 43 31 0 68 17 62 58 57 52 52 88 15 77 13 15 93 51 12 49 29 98 68 94 13 27 68 44 60 69 50 68 42 43 99 34 89 7 21 32 49 51 72 6 3 18 7 27 13 41 2 0 33 86 40 81 72 52 47 
60 33 17 94 87 42 53 90 12 96 32 83 99 97 65 93 46 63 27 39 43 44 76 71 47 1 61 52 37 27 90 71 11 2 10 39 93 28 25 71 58 82 7 62 23 65 92 87 44 8 58 36 69 48 54 87 2 56 43 6 7 66 27 32 71 29 88 26 94 40 30 19 4 40 85 87 32 69 10 0 17 51 69 83 80 74 53 29 53 22 52 1 30 29 4 33 66 41 90 87 
23 99 61 14 31 56 90 16 47 74 56 91 92 34 21 87 37 87 47 18 37 55 79 55 75 4 17 47 91 66 34 73 43 11 62 47 26 88 14 65 15 90 50 86 41 99 10 85 2 29 86 46 97 43 17 9 37 27 46 25 95 60 98 97 10 62 1 47 93 22 53 70 12 46 31 22 81 56 71 96 62 98 47 80 58 6 98 66 8 87 90 56 96 83 35 94 45 86 94 85 
9 12 71 62 79 86 97 42 39 11 42 38 1 36 57 60 55 64 54 14 72 50 7 72 64 92 1 25 59 37 13 6 33 45 3 57 79 35 58 63 55 71 61 12 27 1 66 36 68 2 57 39 10 66 99 40 11 5 20 37 28 14 13 62 1 68 54 36 77 3 83 76 81 39 73 16 17 4 40 29 21 70 47 74 65 1 63 8 60 15 87 39 89 65 75 44 93 35 68 31 
91 12 24 82 46 21 90 70 35 65 32 38 19 17 63 86 5 5 43 61 11 39 35 31 4 89 95 88 34 61 53 1 75 36 21 16 90 52 96 81 75 92 18 96 73 92 22 61 63 40 6 59 12 31 97 64 36 68 89 99 27 26 24 27 40 97 33 95 99 36 74 50 63 72 58 50 79 77 72 75 98 88 74 1 88 41 43 86 70 97 29 93 89 78 67 16 95 66 73 39 
3 5 50 5 82 11 63 82 6 18 65 65 98 76 49 96 42 87 81 3 56 20 70 57 79 61 68 97 71 95 41 7 77 59 14 57 81 29 2 20 69 25 57 87 11 48 24 92 18 19 89 36 37 65 89 88 33 23 84 25 68 19 89 36 41 99 95 46 30 24 28 29 28 12 71 92 82 31 47 8 13 84 45 8 18 8 82 21 35 73 75 77 43 24 21 1 60 19 93 37 
36 81 46 17 24 22 72 53 50 67 13 76 93 61 34 25 65 42 33 1 46 21 36 89 14 9 97 51 9 52 39 82 60 36 15 63 3 95 56 65 16 15 44 33 77 0 76 19 8 73 10 12 37 40 37 20 32 90 60 9 77 26 43 92 96 1 82 88 96 7 59 53 39 47 42 55 90 44 27 47 3 58 68 45 92 7 12 19 2 32 43 76 62 70 75 36 63 77 78 55 
40 97 85 93 43 20 0 93 2 37 79 57 64 70 85 32 8 92 66 93 98 13 30 19 74 42 80 6 77 74 88 33 21 39 73 20 80 4 94 40 64 23 95 52 10 95 19 46 56 69 11 7 15 98 93 87 5 4 42 85 47 90 52 66 2 5 37 62 63 52 24 27 5 42 41 93 42 39 87 35 88 76 91 16 17 63 20 32 17 79 41 45 44 67 94 69 88 97 55 69 
99 68 5 95 27 38 51 99 97 84 56 19 1 15 53 33 89 37 58 45 24 90 32 51 68 67 26 66 97 52 12 14 56 5 75 92 85 15 98 47 40 68 84 24 2 21 19 25 50 94 68 31 81 95 72 59 80 65 43 58 27 38 59 63 99 25 24 69 4 14 89 36 63 6 41 89 75 29 7 21 8 27 2 93 25 81 21 80 3 52 67 49 22 55 22 72 19 50 97 90 
94 37 6 91 16 97 24 88 53 41 78 73 72 77 96 84 99 4 75 83 85 70 32 86 97 4 59 53 4 74 54 56 70 89 59 92 49 23 45 69 11 88 92 52 41 67 74 24 63 48 34 27 6 74 63 54 52 15 68 9 67 47 46 79 64 7 1 78 5 83 40 93 1 66 12 27 11 32 44 76 50 65 34 65 75 68 35 16 63 22 79 0 19 32 11 6 17 57 52 45 
21 53 61 88 23 75 8 85 7 98 1 12 74 7 46 36 23 8 82 41 83 83 28 79 96 72 35 30 48 73 4 15 96 97 47 61 18 43 82 7 44 64 30 41 30 58 47 73 15 94 50 1 11 32 89 22 67 29 63 15 53 22 17 61 22 91 59 57 9 98 75 97 38 18 99 51 83 98 81 32 42 46 12 15 91 28 36 60 55 14 55 0 77 67 54 54 55 95 78 95 
