99 76 61 62 1 82 7 50 96 18 80 88 96 22 48 77 93 69 51 39 60 36 18 56 30 46 59 41 41 17 80 48 53 51 50 99 9 1 57 14 6 59 69 10 87 76 53 15 81 80 31 71 96 7 99 84 79 7 77 44 89 96 68 71 17 75 40 29 35 81 74 44 75 98 95 84 94 9 18 97 66 18 42 53 83 58 75 39 3 33 60 23 14 45 1 62 66 9 37 61 
52 65 7 21 60 65 85 73 42 65 29 56 5 39 99 69 60 61 62 36 87 0 62 33 63 49 47 75 1 75 96 22 4 17 2 93 4 86 86 35 66 34 4 96 78 99 30 22 76 96 72 25 34 17 89 56 24 39 42 64 13 60 21 26 42 38 41 48 41 84 28 4 7 22 29 25 52 47 15 38 18 24 85 60 9 18 92 90 58 55 50 54 83 9 64 39 22 11 34 6 
28 40 54 77 12 41 82 86 88 26 78 23 83 84 81 66 99 34 75 88 33 85 39 9 51 97 61 14 81 28 27 58 83 33 24 62 70 17 49 61 73 9 99 74 6 57 1 67 49 22 86 21 92 26 5 25 80 60 97 23 91 98 63 69 14 99 46 27 45 20 9 64 12 26 34 75 32 69 23 62 27 68 29 15 84 89 13 6 91 94 70 94 31 0 50 67 49 6 80 55 
4 33 74 16 73 43 92 62 45 94 20 17 92 87 16 48 0 94 57 55 27 92 29 71 58 30 64 56 74 83 98 19 27 49 56 41 79 48 95 22 68 84 69 2 61 56 47 17 37 6 98 13 57 41 39 53 31 29 8 40 40 53 56 43 64 39 67 62 74 24 16 32 69 97 8 54 73 9 2 42 99 4 33 93 72 57 78 25 55 11 60 58 77 1 58 71 40 51 15 13 
0 83 76 20 53 75 75 85 61 81 9 59 33 8 84 72 57 81 11 27 5 74 56 56 13 38 24 35 22 82 44 88 14 33 77 2 68 70 76 39 12 29 80 60 92 19 77 5 84 52 47 15 98 94 98 80 34 72 59 19 48 70 94 92 71 11 41 78 33 44 13 63 39 11 76 20 67 48 71 42 84 70 81 69 94 18 23 47 45 39 13 58 66 65 37 29 12 11 67 36 
77 71 21 47 78 74 71 73 26 19 85 9 77 96 20 52 56 46 67 76 45 4 51 45 65 63 81 75 72 28 70 51 68 2 35 41 88 30 27 65 47 65 77 64 45 85 58 49 57 50 62 61 55 90 26 88 37 71 95 73 41 11 20 16 49 38 89 6 21 20 14 1 8 33 34 4 21 53 34 64 8 87 77 56 90 85 69 51 53 41 17 41 67 78 96 79 4 18 50 2 
18 43 58 4 33 47 8 29 0 12 36 53 98 52 42 63 52 70 91 49 21 1 16 93 55 36 62 8 22 30 46 60 11 27 62 52 51 75 51 6 32 39 4 28 54 53 55 76 1 88 58 20 27 28 61 18 1 90 98 23 35 39 9 14 91 65 13 71 2 30 15 44 57 97 26 85 45 47 78 99 58 75 49 86 93 5 51 39 24 39 32 95 82 19 35 2 3 71 17 78 
93 39 16 84 8 87 2 7 11 65 41 6 95 99 55 88 83 32 17 86 69 43 40 85 8 60 52 65 51 64 57 9 44 39 34 4 41 64 52 63 3 15 39 3 79 21 22 90 38 49 61 85 3 58 18 73 32 62 89 11 30 81 1 20 17 9 54 52 35 48 44 77 10 22 63 4 67 96 41 72 70 13 46 74 51 33 38 59 15 68 36 87 24 60 33 18 73 9 54 82 
26 51 26 25 31 85 7 55 6 73 88 37 66 20 31 51 97 79 93 95 25 66 18 11 10 64 85 33 91 43 11 12 12 86 99 2 34 80 62 41 33 31 51 6 50 80 82 92 12 37 89 52 37 24 96 1 88 54 5 11 81 28 74 4 74 52 9 90 1 31 52 17 12 42 71 87 27 15 26 7 92 73 47 24 99 55 88 14 81 48 89 21 31 91 49 48 23 17 85 59 
50 39 97 9 26 42 66 8 5 24 55 74 95 17 40 89 1 46 20 42 70 64 49 51 74 68 14 8 57 74 76 62 73 83 89 75 51 60 9 17 32 20 61 75 94 93 86 76 72 33 78 81 94 10 50 40 10 80 43 22 68 42 72 75 71 20 12 80 56 87 20 14 31 21 69 96 96 19 23 40 19 97 48 62 14 25 98 50 14 18 46 25 1 73 87 25 20 85 86 24 
33 75 32 18 98 33 1 58 91 9 66 51 83 61 17 55 18 41 54 95 7 90 58 56 64 44 12 62 99 58 32 43 93 37 95 38 74 32 14 20 63 38 50 31 19 93 68 30 49 54 27 40 12 80 87 92 16 26 54 52 33 63 96 44 45 16 11 66 35 41 28 44 53 43 25 61 17 41 19 96 40 53 7 41 94 85 68 13 78 87 71 48 49 5 63 5 85 16 26 50 
32 96 64 60 24 87 22 37 45 98 85 96 82 21 0 2 93 13 7 35 25 56 2 26 52 63 50 36 96 66 38 21 61 9 8 69 34 62 53 43 45 99 14 48 59 70 29 82 20 46 3 77 26 55 3 46 53 97 35 54 58 61 94 33 20 5 10 11 92 93 50 15 62 61 86 98 77 8 29 63 31 50 60 29 5 71 42 19 69 12 0 79 40 21 21 92 51 55 88 90 
4 90 57 44 86 43 81 72 98 4 22 75 19 0 74 49 77 81 75 15 60 55 55 98 66 95 65 23 34 3 92 86 30 68 34 71 45 81 11 88 10 54 43 39 88 48 14 66 14 95 34 52 25 54 14 5 19 62 53 6 58 45 69 42 22 28 57 28 11 27 85 43 90 48 76 90 45 27 10 11 45 80 71 35 36 46 84 26 4 58 25 37 54 82 66 79 18 40 86 63 
91 6 13 32 74 8 21 58 7 12 23 54 26 36 55 91 74 49 41 94 20 51 73 3 24 98 97 13 21 31 62 12 5 25 4 57 21 45 26 85 97 92 18 98 32 20 64 66 63 58 61 77 88 38 5 9 77 83 73 4 17 57 39 31 10 0 99 84 47 4 91 36 80 29 89 18 0 19 63 58 63 10 84 79 20 6 41 12 67 79 6 76 23 35 58 95 74 28 36 22 
94 87 60 95 28 37 29 59 21 82 1 53 8 91 14 7 83 40 53 57 18 33 4 24 42 12 40 33 32 80 89 47 91 28 66 2 84 72 99 33 12 51 4 89 45 96 91 6 37 54 30 7 30 74 11 81 34 60 19 93 1 76 60 35 61 19 83 45 36 64 22 59 13 32 18 58 88 66 51 57 35 55 6 81 73 72 99 83 53 84 85 75 68 77 87 69 82 83 40 3 
78 59 21 91 55 56 37 70 61 51 98 41 49 44 98 82 98 14 77 34 41 11 37 2 26 58 73 70 90 0 14 38 75 48 54 83 91 20 35 92 66 17 32 81 10 87 43 67 23 61 15 78 30 1 90 15 78 71 49 91 46 50 27 36 38 64 76 32 68 11 39 39 4 72 22 32 43 7 55 12 45 19 18 91 13 7 14 75 1 81 53 22 2 6 89 30 81 54 39 98 
55 45 21 16 58 67 66 53 92 92 0 81 99 7 91 88 38 44 20 28 43 63 48 59 29 67 22 79 24 42 99 49 11 71 37 47 13 34 97 9 60 23 25 90 93 21 68 54 8 52 40 74 63 69 66 68 96 97 64 93 0 29 72 20 21 92 58 76 32 81 12 96 75 42 25 42 13 70 19 9 19 71 54 3 89 99 71 47 58 84 70 98 13 61 10 17 92 44 6 98 
13 65 73 86 22 88 14 58 81 5 42 77 61 66 90 85 31 62 91 34 28 49 75 47 38 1 61 82 57 23 85 98 68 80 78 51 9 26 19 82 29 90 71 85 7 64 24 14 30 45 22 71 9 4 33 40 63 14 77 28 72 22 9 13 78 9 86 30 3 18 16 10 30 70 4 31 60 86 84 4 9 17 57 98 98 23 11 33 78 50 70 35 80 92 83 28 67 1 24 4 
93 19 97 22 95 95 71 81 46 50 10 20 26 84 90 65 11 44 57 33 84 68 88 54 22 46 87 58 98 94 18 53 58 78 70 21 46 68 3 4 77 67 62 13 17 4 78 55 59 62 7 70 88 72 44 43 57 94 89 62 44 95 59 97 39 6 59 60 8 94 28 8 30 42 45 25 55 13 14 51 7 6 5 26 4 79 80 24 70 6 2 23 16 97 71 88 63 79 68 84 
83 31 6 0 33 77 13 46 92 85 84 46 46 26 51 66 52 48 42 58 4 82 56 42 99 99 42 85 15 29 21 82 15 10 97 62 41 67 40 21 47 46 14 96 57 40 22 14 29 51 4 77 24 12 29 43 21 13 28 50 39 53 86 41 84 44 93 40 99 36 44 50 53 64 54 32 79 24 80 41 39 73 76 80 54 86 83 66 81 31 81 9 34 42 84 24 12 88 18 55 
74 5 63 17 13 17 62 52 73 16 2 45 89 73 97 73 9 20 96 71 19 86 57 67 25 80 81 18 66 42 96 27 27 17 11 93 72 63 53 58 27 83 49 36 32 59 6 26 25 24 59 41 20 93 5 92 95 84 62 32 48 50 84 16 41 16 58 36 13 73 47 87 48 86 59 15 91 84 77 84 99 4 79 78 72 77 75 55 13 93 28 26 71 5 0 49 57 38 19 56 
33 92 59 83 40 79 26 2 67 38 45 27 51 95 14 0 2 40 52 37 78 11 26 44 18 42 65 59 7 48 58 50 28 79 39 22 92 48 88 5 63 68 14 39 56 90 71 16 83 96 17 15 75 71 51 22 85 37 32 79 78 38 23 70 41 38 2 52 56 40 67 15 60 23 20 35 47 48 38 17 59 73 16 3 16 96 53 11 38 19 19 79 82 94 78 51 85 17 28 24 
67 24 34 78 14 1 63 9 52 85 51 53 44 5 99 89 68 10 59 84 83 55 44 99 25 34 31 19 15 77 97 91 26 6 9 60 16 9 75 51 50 49 30 22 37 10 9 63 56 94 80 65 36 25 22 53 64 1 46 80 28 53 86 77 85 81 59 14 35 68 56 22 13 13 43 45 32 48 89 80 31 27 42 70 86 58 68 19 54 31 31 67 27 30 5 10 87 74 38 11 
82 8 38 22 39 80 42 26 38 89 85 71 98 45 88 27 60 21 28 46 33 29 78 28 21 35 99 86 68 36 77 77 6 7 18 50 81 83 60 93 2 51 72 1 20 16 10 55 32 62 85 22 1 18 95 31 61 72 40 4 89 51 92 22 62 85 22 48 17 77 43 58 77 29 58 2 54 69 12 27 75 77 47 3 15 91 7 67 73 93 73 2 66 91 15 79 83 40 80 22 
15 18 24 52 94 28 15 81 75 27 19 36 43 71 26 49 55 30 48 9 22 59 0 50 70 97 59 32 73 18 18 81 67 86 52 28 54 99 83 12 56 7 1 87 60 23 66 87 92 49 44 21 14 77 95 25 2 32 86 85 11 7 30 9 24 26 17 90 0 70 34 37 21 23 11 83 26 66 75 19 87 88 61 51 29 31 96 6 82 25 41 30 49 5 6 54 22 41 69 98 
49 49 4 5 21 81 53 39 79 35 93 11 59 81 21 99 22 18 73 43 88 94 84 42 49 26 72 71 30 31 30 28 61 89 97 0 97 85 12 26 2 14 96 36 85 94 22 21 86 44 93 86 59 57 60 87 8 58 15 49 0 56 46 79 31 85 13 74 12 29 86 1 13 67 20 1 96 51 18 24 25 64 92 56 53 26 91 47 73 3 90 16 79 41 8 68 68 45 89 83 
91 75 61 40 9 67 38 20 85 70 40 69 14 39 69 13 55 39 19 59 54 39 19 0 68 2 20 99 15 58 87 22 77 43 67 7 25 33 52 39 0 33 36 36 69 47 58 85 72 98 67 78 75 25 89 69 26 49 41 96 61 19 8 52 43 43 18 18 69 25 0 43 44 51 2 61 47 7 22 68 5 31 38 50 1 30 16 91 74 24 41 71 65 5 17 73 49 57 77 8 
95 88 80 52 13 61 86 28 80 84 93 97 73 28 90 1 0 33 20 5 83 94 75 52 64 2 76 21 46 21 23 2 25 5 30 26 97 94 48 44 7 21 99 41 93 75 90 48 19 58 49 20 86 24 11 54 66 76 47 67 74 97 50 72 55 76 12 89 70 10 32 70 73 38 69 44 0 51 90 27 6 77 20 16 39 68 69 50 86 38 57 21 3 51 1 18 26 74 60 72 
0 65 66 18 97 35 29 46 23 97 25 94 91 71 47 73 89 49 50 28 48 9 34 93 86 2 36 84 17 22 37 8 80 76 90 88 40 57 72 95 14 84 13 88 3 99 75 42 5 12 36 64 50 56 69 0 38 35 27 41 82 16 39 69 57 54 96 0 70 59 90 74 48 76 18 7 53 97 84 13 14 67 24 53 61 23 88 58 97 92 34 10 46 68 62 59 40 71 25 57 
62 41 76 69 57 97 54 65 19 18 55 76 37 49 99 45 96 67 46 23 91 84 93 0 11 31 65 22 57 64 95 53 96 48 16 70 35 68 86 95 89 85 26 60 13 26 87 42 73 54 35 50 73 76 60 36 21 72 10 69 95 92 16 66 98 71 68 34 60 40 58 85 60 38 11 61 11 23 70 97 84 31 7 37 87 98 40 1 24 4 89 49 35 47 2 61 29 42 50 92 
4 54 66 10 68 62 48 79 19 27 6 54 30 87 50 78 96 73 15 62 74 46 24 50 76 82 27 21 28 78 52 10 96 48 55 64 56 84 47 85 20 22 41 40 19 92 17 74 29 89 90 6 38 34 72 24 47 8 5 88 4 66 25 86 23 56 15 93 41 76 79 20 82 85 33 69 66 25 26 60 97 91 82 6 86 12 57 99 95 69 6 16 12 78 53 29 62 6 56 98 
14 91 84 93 71 55 24 43 59 78 94 14 41 22 21 22 95 5 0 66 29 34 45 50 10 59 51 47 13 20 0 31 40 56 30 49 36 0 37 15 96 88 6 74 24 50 93 2 52 80 87 27 81 34 86 22 30 35 37 48 67 16 57 0 26 47 88 7 24 80 44 93 47 34 40 89 31 44 25 10 81 17 3 48 6 29 77 48 81 77 26 16 41 6 45 96 53 80 60 18 
65 20 69 69 20 76 13 7 42 59 64 1 52 9 1 98 81 71 45 64 43 98 98 66 6 96 70 1 5 56 82 5 19 71 80 58 4 19 38 80 56 51 40 12 70 23 63 21 45 77 4 61 39 60 97 87 27 56 51 45 45 14 84 25 35 46 97 94 54 78 26 32 65 37 96 3 18 7 7 24 91 58 50 16 30 66 4 35 23 81 24 81 42 43 67 42 17 20 56 27 
40 13 88 86 87 59 92 54 18 54 80 57 2 19 21 58 88 32 61 38 39 96 73 80 3 69 27 88 96 61 41 66 31 61 2 72 91 92 4 29 30 35 30 34 55 59 46 68 19 19 77 24 11 88 98 36 13 75 28 63 24 33 84 2 9 41 43 20 80 33 56 11 27 62 0 76 81 6 97 85 78 34 96 28 98 37 15 59 27 10 67 38 15 97 2 81 98 13 19 98 
4 44 56 9 53 31 40 7 37 84 99 96 55 58 91 19 49 19 88 15 78 8 70 90 66 4 57 1 57 49 2 80 43 84 24 12 23 47 25 50 3 10 22 76 15 21 0 70 71 39 97 86 70 80 67 95 8 2 30 84 55 34 0 37 66 2 0 97 98 57 31 71 50 95 55 54 65 29 97 54 61 60 38 44 14 14 12 33 87 4 18 64 4 63 49 48 33 44 36 95 
77 26 34 0 7 15 35 78 85 34 52 54 10 11 55 15 62 11 35 56 11 45 63 2 87 45 21 26 27 84 37 93 65 89 42 74 57 71 81 84 29 98 35 17 27 78 77 41 12 13 90 83 9 25 27 41 92 63 52 55 88 94 85 58 10 66 28 97 45 94 92 91 59 63 49 94 52 79 46 20 93 15 67 72 5 73 85 47 89 81 42 87 50 0 81 47 99 17 30 77 
70 8 54 77 75 80 62 74 8 26 20 34 16 46 89 49 10 44 29 70 47 7 28 81 99 96 10 72 60 51 53 25 57 66 66 32 54 14 37 81 47 21 5 88 94 88 76 43 93 54 98 47 12 62 40 95 83 70 35 29 31 51 2 58 86 82 76 73 48 40 12 11 47 2 59 69 18 64 80 53 13 16 82 2 40 41 43 59 39 68 71 66 85 81 43 92 96 35 79 31 
44 78 14 27 1 97 53 23 18 11 21 85 55 36 52 47 91 56 38 38 26 0 80 54 41 82 14 15 84 26 57 28 74 60 43 31 36 28 74 12 30 8 15 41 95 49 64 9 64 92 52 68 30 37 9 82 88 41 13 51 1 21 37 39 12 95 59 25 97 49 60 49 32 79 46 98 28 52 18 41 3 16 80 88 92 12 49 58 61 54 74 28 92 47 31 19 35 70 59 18 
55 71 94 74 9 96 30 36 78 35 34 44 25 4 52 8 46 52 14 46 94 30 96 73 24 61 64 85 30 54 69 86 4 3 80 39 88 72 47 67 26 85 12 7 86 13 59 38 48 13 27 26 35 24 6 55 90 77 78 69 91 22 82 9 96 48 66 19 66 2 78 79 8 14 37 41 49 6 60 59 77 44 28 33 5 0 70 78 37 41 30 54 18 30 22 2 9 70 84 44 
86 54 1 91 51 67 39 9 19 63 81 91 6 23 77 56 64 35 83 46 74 61 28 82 20 10 82 86 72 61 50 28 94 45 29 28 40 79 99 90 75 40 13 54 31 93 11 4 11 83 5 3 97 67 61 11 45 11 84 85 79 42 92 72 78 70 3 18 18 83 14 21 70 38 76 71 67 51 52 2 91 79 28 28 25 25 63 86 84 20 50 55 42 96 58 64 35 65 1 25 
18 69 30 90 96 68 26 3 94 95 69 33 19 64 80 71 71 91 92 71 66 5 67 28 1 64 9 11 33 83 97 17 64 63 41 73 20 55 83 50 78 16 82 64 84 64 49 82 70 83 14 86 94 47 54 0 51 52 87 75 15 83 66 97 35 76 90 98 50 33 68 76 8 66 60 14 50 78 27 49 15 83 83 66 49 68 33 42 44 94 53 66 34 73 11 71 36 57 36 44 
35 85 63 85 35 58 85 92 20 50 3 34 58 31 30 73 46 7 19 23 57 18 16 21 45 70 74 17 30 9 89 81 63 32 21 85 96 3 59 90 74 5 31 96 2 97 71 81 14 41 96 19 26 10 30 60 49 37 90 12 2 32 4 95 97 80 91 83 22 1 28 88 98 78 96 66 47 79 37 87 85 64 47 42 74 24 5 87 49 46 63 75 95 91 21 27 42 8 87 60 
31 85 58 86 49 49 87 45 50 36 78 11 66 47 86 71 50 72 28 29 62 85 61 24 78 5 28 36 73 8 59 32 35 82 60 3 30 75 86 5 55 57 21 20 6 3 28 92 93 24 2 32 40 51 52 49 74 62 29 4 11 53 17 51 3 12 29 44 46 59 79 86 65 89 78 40 92 59 18 91 68 54 49 30 10 51 68 8 32 6 76 29 80 58 43 73 59 23 79 37 
48 81 81 31 41 76 77 45 53 87 34 93 94 21 68 40 41 6 9 62 24 14 73 32 11 47 11 21 18 96 1 26 22 2 71 22 34 90 95 0 92 67 53 90 16 18 47 33 76 79 8 78 81 53 68 53 81 28 35 60 89 67 71 43 64 25 67 41 85 64 54 53 22 96 51 13 2 64 82 71 64 14 23 23 88 56 29 16 1 50 54 18 99 2 13 71 79 30 80 41 
62 61 31 8 90 45 5 28 79 39 25 28 28 31 55 36 24 45 4 69 60 41 12 67 73 31 67 19 11 78 22 78 52 1 14 84 89 98 53 37 96 87 40 74 33 31 29 91 90 10 26 75 85 7 13 75 87 9 21 76 43 7 37 79 35 5 12 26 87 16 68 81 60 45 39 55 51 89 39 66 45 99 5 87 49 98 65 17 44 56 83 51 0 68 1 74 84 16 75 62 
19 74 59 68 36 12 87 11 25 93 79 5 6 86 39 77 23 77 72 39 4 17 38 79 17 54 90 93 27 42 9 40 70 20 61 78 11 13 26 0 11 80 71 98 45 45 70 37 96 85 70 51 16 99 20 75 31 71 12 73 47 52 64 28 23 87 9 58 98 70 17 96 35 25 9 28 61 76 28 11 24 40 63 6 56 39 50 42 90 2 39 18 57 77 78 14 75 14 41 62 
0 33 5 1 94 52 80 18 6 69 20 62 70 4 87 55 87 31 61 5 49 43 12 72 21 73 98 5 61 21 92 76 10 82 12 29 35 61 72 29 29 50 37 43 75 21 7 92 34 37 35 8 68 35 65 42 30 29 92 30 90 5 26 25 80 19 80 49 3 33 40 25 30 2 21 58 18 9 57 39 41 9 38 79 17 29 39 82 64 24 39 1 78 40 10 5 17 14 31 84 
21 60 38 38 36 70 27 31 52 66 3 62 11 61 17 2 5 21 67 38 32 34 73 54 84 49 42 79 54 94 39 80 87 72 49 3 32 61 59 70 72 36 7 91 4 3 35 12 51 20 19 99 94 31 37 73 5 93 53 49 46 52 23 63 69 55 93 93 26 75 73 75 79 69 35 62 41 74 70 66 76 77 61 56 37 48 27 1 12 18 40 85 74 71 18 50 81 64 19 85 
81 76 37 25 49 67 45 49 30 71 85 72 47 24 91 3 38 76 55 95 50 11 61 60 74 63 46 77 72 3 41 89 21 89 35 93 65 74 3 58 34 57 20 94 34 38 43 2 64 40 45 3 74 72 45 18 9 73 6 32 68 21 40 53 60 33 71 35 47 76 32 71 46 84 3 12 17 2 80 23 8 87 74 57 77 10 52 38 95 68 82 90 5 77 32 63 31 89 26 59 
65 75 92 66 45 72 74 61 17 84 98 32 18 97 64 77 27 48 7 6 9 12 6 81 87 8 94 41 32 32 98 28 84 14 74 28 36 98 89 30 62 61 25 69 1 74 24 34 99 55 0 72 19 65 58 83 29 28 4 45 15 98 36 24 87 50 68 80 47 69 56 28 83 20 57 80 53 55 75 22 5 5 20 93 80 48 38 33 51 35 39 1 20 19 37 81 92 50 65 12 
97 86 27 12 25 61 18 8 95 67 87 83 6 92 92 61 73 8 23 51 18 65 76 74 14 88 43 24 23 58 85 18 62 44 74 1 3 60 68 36 7 2 82 18 30 16 35 40 5 89 39 12 98 0 22 63 21 28 20 25 17 34 49 27 43 3 18 94 6 42 63 49 56 45 94 10 48 55 0 25 69 64 67 10 34 38 84 74 86 87 42 11 14 79 75 43 32 11 89 10 
66 6 63 3 35 75 9 65 37 35 9 22 21 64 32 23 11 50 36 13 85 9 35 68 61 40 48 98 8 53 40 90 18 64 20 21 28 68 94 73 85 59 13 33 68 18 40 20 52 21 49 21 9 67 74 58 82 74 20 35 12 36 72 94 42 41 91 69 74 61 28 79 15 40 60 67 78 48 17 21 58 14 27 82 79 29 83 38 39 83 8 64 72 28 32 2 24 36 94 73 
5 16 81 79 27 69 2 36 45 72 1 98 32 69 38 8 38 21 33 16 69 85 58 95 74 30 83 82 89 66 51 70 10 96 96 25 30 50 82 19 14 1 50 10 23 71 54 54 87 69 14 84 51 36 52 45 65 33 7 17 72 17 44 64 69 18 5 21 4 31 87 2 28 76 99 39 51 18 39 42 49 56 97 21 35 74 36 2 11 57 31 80 10 63 91 95 17 0 84 86 
72 73 58 39 48 0 36 47 75 85 29 30 41 63 66 29 45 81 24 17 5 54 98 99 90 83 74 75 83 85 29 2 95 47 8 19 29 33 60 55 0 57 20 47 3 96 26 94 82 85 90 20 94 33 70 18 98 2 43 15 82 78 16 95 76 2 13 2 81 4 25 2 33 68 80 93 62 26 91 21 54 24 48 69 87 1 22 69 94 91 77 0 91 45 70 81 60 96 85 19 
40 28 30 46 23 25 70 99 39 82 94 70 40 80 5 65 47 23 78 35 19 98 56 50 42 48 97 98 63 40 65 4 0 89 91 65 29 16 52 75 45 58 19 20 61 48 69 40 95 94 78 57 49 84 91 53 90 79 22 33 44 79 59 23 74 95 72 25 80 74 87 91 17 73 31 36 12 1 48 34 74 38 47 60 67 20 28 37 83 85 18 29 35 11 40 53 72 83 22 8 
16 10 4 92 78 7 8 71 98 58 78 86 57 71 19 85 66 22 42 29 27 46 35 15 78 75 49 34 90 52 99 18 80 12 61 94 45 41 80 63 59 11 67 9 36 10 15 99 45 50 10 30 79 70 15 71 14 23 21 78 84 62 84 17 60 13 84 80 58 10 89 37 14 4 51 48 58 58 39 53 77 45 70 8 30 25 72 33 70 83 27 0 33 34 37 11 49 24 28 4 
48 46 65 68 19 54 66 21 68 51 76 82 42 22 31 35 17 76 12 88 4 64 37 22 37 19 35 66 47 69 16 88 3 78 82 26 7 24 13 80 29 90 92 43 95 46 97 19 11 15 50 78 84 86 50 94 61 93 0 64 98 49 38 93 69 61 66 57 18 22 94 83 30 30 37 48 96 87 40 72 34 92 49 29 87 11 66 45 53 97 10 10 12 10 81 15 47 47 56 2 
63 69 6 88 82 91 9 25 51 67 97 73 34 57 95 90 96 81 53 66 20 98 52 91 84 43 97 54 32 44 8 49 95 28 18 60 26 90 90 58 65 14 70 43 84 85 15 60 37 51 7 23 31 56 97 53 40 81 38 77 6 97 62 42 78 43 24 31 86 34 75 82 57 34 61 34 80 81 25 61 71 18 60 18 5 32 67 90 84 74 56 94 45 5 2 44 11 67 90 69 
13 95 75 54 84 49 36 38 73 76 17 32 72 25 72 53 91 41 33 51 30 13 99 43 14 97 0 40 2 31 42 14 52 74 20 82 13 23 29 14 8 98 3 32 52 60 7 2 24 63 79 72 27 67 51 73 69 32 8 67 68 47 10 5 66 62 85 30 46 62 71 60 20 3 75 74 31 55 57 9 1 75 4 9 1 50 92 96 21 62 58 11 1 36 53 91 80 83 30 78 
63 24 26 42 34 72 10 58 68 23 50 20 74 11 62 37 52 24 3 63 42 67 34 16 28 65 63 84 5 53 27 93 85 4 21 29 98 84 98 35 31 51 11 86 50 70 16 50 88 25 94 0 62 24 37 12 90 10 31 4 50 17 36 0 40 47 22 29 19 48 44 47 29 39 62 58 30 9 83 62 56 67 47 93 94 36 77 13 30 96 15 71 6 14 93 72 27 8 88 17 
93 26 5 16 78 0 61 61 37 18 89 10 8 80 0 7 17 67 88 56 69 89 70 9 94 49 54 2 23 19 11 7 42 84 19 23 65 89 62 51 52 44 83 14 77 36 35 70 97 78 12 61 66 36 84 45 58 12 24 73 75 56 51 45 43 14 72 32 23 42 55 60 14 63 93 45 31 81 22 49 90 56 79 72 54 26 78 44 29 66 53 52 76 12 32 52 67 30 98 95 
55 72 90 51 20 48 28 69 45 81 71 50 9 17 31 81 9 29 38 6 32 60 78 58 54 18 11 84 4 50 19 47 38 2 89 93 85 98 82 96 72 8 53 11 62 74 62 71 78 56 81 67 50 76 48 0 80 55 42 97 6 13 65 18 91 36 35 27 58 41 29 27 35 12 7 9 8 98 47 8 50 67 59 66 88 21 29 2 98 77 14 86 78 24 86 46 75 87 44 91 
3 34 59 82 35 55 71 24 68 21 73 14 88 99 89 49 73 99 71 80 98 54 48 17 87 78 81 32 22 13 32 29 79 92 46 33 7 12 80 40 17 8 50 62 97 99 17 26 62 43 37 98 33 66 94 24 55 3 98 92 71 85 15 59 35 95 44 75 68 4 38 41 24 45 97 11 52 91 93 14 31 43 38 43 10 3 6 76 59 88 97 29 38 84 5 63 10 84 27 86 
38 90 77 50 13 55 86 11 6 48 95 65 47 22 40 20 30 35 98 16 37 11 90 69 13 4 50 94 1 94 78 64 76 82 97 92 31 15 69 60 51 17 37 2 2 29 18 57 80 10 24 54 49 19 73 18 90 16 26 45 96 53 33 30 51 64 99 31 18 99 82 11 54 26 94 15 14 74 32 30 78 86 95 36 47 49 54 41 5 68 77 5 70 54 44 87 74 37 45 63 
71 10 42 36 20 80 77 34 88 96 26 7 88 1 58 80 37 35 93 86 35 21 47 9 27 15 11 97 26 8 32 23 78 12 47 63 96 62 64 24 55 96 88 3 15 2 95 4 22 4 31 57 31 82 45 87 92 87 14 34 30 65 56 85 46 98 14 36 70 0 26 85 1 1 26 91 67 50 17 64 20 80 54 9 18 68 9 77 17 75 21 0 87 41 46 55 48 55 7 54 
40 66 39 56 6 35 64 32 63 84 0 22 16 80 71 83 64 37 49 17 73 53 76 9 65 79 28 10 39 96 7 70 72 45 7 11 7 14 38 31 28 84 56 4 77 51 71 43 4 67 99 16 93 16 75 1 11 35 28 98 4 99 40 88 10 32 70 92 28 87 36 91 61 14 25 80 99 65 20 69 55 74 1 85 96 60 98 34 77 42 5 3 83 2 20 0 71 68 96 16 
20 93 27 59 3 11 83 48 36 91 72 97 36 20 89 10 31 6 6 50 56 79 14 12 7 36 6 50 15 4 57 31 24 68 61 74 66 94 34 81 62 28 30 47 76 15 1 73 98 69 37 47 84 34 13 14 29 66 41 69 37 4 54 25 39 9 7 93 5 24 87 86 77 64 41 26 42 42 68 63 60 29 21 75 68 76 89 37 96 43 15 10 78 76 53 54 86 75 82 24 
80 75 12 45 6 56 7 63 11 66 26 72 97 91 96 71 89 84 30 77 9 19 3 41 49 41 87 77 44 18 49 67 96 97 10 68 97 15 75 6 35 30 39 28 55 22 52 22 71 14 56 34 63 75 93 54 39 94 57 23 18 87 55 2 29 90 54 76 21 85 41 87 1 86 7 27 63 50 28 42 77 70 19 76 75 14 25 93 7 79 57 60 68 25 66 64 26 24 42 89 
74 70 53 26 74 66 58 4 12 68 43 57 75 33 35 10 52 40 19 22 90 17 53 56 13 36 57 46 48 21 76 31 10 71 39 98 61 79 24 96 80 59 3 84 46 58 56 9 59 81 43 20 28 7 71 83 25 21 91 88 59 13 23 62 38 11 75 60 7 48 97 11 7 3 91 59 74 86 62 89 20 62 49 28 72 57 41 16 74 71 10 86 62 38 78 45 61 83 21 28 
31 38 5 25 18 41 43 70 50 27 69 62 46 70 73 66 10 24 90 0 81 42 41 88 5 54 75 13 69 65 21 34 94 59 76 86 0 43 7 25 43 43 57 80 42 18 63 78 7 6 74 83 93 86 92 29 41 24 9 38 78 40 96 62 64 2 67 41 63 7 51 19 57 38 71 98 35 80 20 59 3 18 21 85 16 12 83 98 98 93 8 92 61 45 88 19 48 64 68 12 
4 93 87 33 75 95 89 41 78 62 22 59 74 45 18 58 10 63 91 4 75 80 0 83 50 14 18 31 94 59 37 21 50 20 47 3 17 74 21 69 10 28 66 12 38 57 23 93 28 72 34 4 17 53 77 58 64 78 91 8 27 10 60 25 78 36 75 17 12 11 9 14 0 4 33 7 58 33 24 52 14 33 17 17 3 88 31 66 80 25 93 83 11 85 95 55 31 85 36 47 
32 27 31 76 72 80 81 52 0 62 7 65 99 40 24 74 58 42 22 59 69 76 94 39 81 96 24 45 67 72 36 20 16 80 57 90 5 4 24 74 36 46 25 65 43 77 60 62 14 82 38 25 24 10 45 50 50 68 37 25 42 64 4 85 85 13 61 66 35 18 85 55 52 67 30 55 28 58 39 22 38 21 67 56 92 67 77 38 2 37 17 4 97 89 81 74 62 7 50 46 
95 64 71 97 33 49 6 77 24 25 63 14 10 81 66 47 50 87 44 48 64 17 80 90 68 68 89 75 12 60 24 75 37 9 76 53 78 27 70 5 27 14 10 86 83 64 21 96 62 99 41 44 36 98 74 59 46 52 70 60 42 79 23 36 69 14 71 63 88 49 68 21 94 91 82 2 17 18 50 37 83 62 48 10 91 19 83 59 80 21 79 88 97 49 47 51 57 2 76 55 
10 75 50 70 64 14 22 81 43 97 71 7 57 65 29 50 77 29 19 41 41 16 51 41 33 1 32 6 96 25 63 40 94 42 94 75 42 7 93 64 38 75 70 82 90 23 96 19 49 50 94 26 94 36 8 81 9 43 42 62 32 95 84 88 64 65 14 23 52 48 73 43 50 64 93 69 7 44 41 95 4 25 88 70 58 45 53 29 62 27 77 79 5 89 75 17 89 4 21 73 
77 51 21 30 98 54 58 18 95 36 76 72 77 67 9 69 14 35 34 56 99 54 1 57 45 74 20 0 41 99 54 55 90 19 13 57 46 19 44 11 60 32 25 34 45 70 69 83 94 27 87 88 37 63 79 64 37 15 20 29 99 31 95 63 22 89 73 7 99 6 31 1 34 59 29 51 28 41 77 47 93 32 92 3 67 78 37 3 59 2 53 83 20 63 47 2 26 52 9 22 
33 76 63 12 42 74 78 78 13 96 71 31 92 63 81 99 86 96 72 51 83 26 20 28 31 0 86 7 82 68 41 24 31 64 52 67 64 27 9 90 36 64 25 73 98 87 2 94 65 28 45 84 97 64 34 50 69 61 84 56 25 85 9 90 54 90 74 0 35 64 47 16 35 84 77 81 44 36 83 92 18 30 78 50 52 62 21 86 10 6 45 23 79 84 34 19 33 78 37 73 
52 93 58 4 23 8 1 69 49 6 69 51 94 35 1 33 88 91 63 28 37 43 41 89 66 40 82 61 9 5 17 55 34 48 96 22 23 65 63 20 94 50 54 13 23 22 1 52 2 83 50 87 42 57 72 6 23 53 6 54 62 50 86 86 22 95 64 57 60 30 33 85 82 51 80 44 73 11 34 65 50 66 60 29 22 79 43 58 17 56 75 87 11 46 16 74 51 89 41 19 
5 55 14 17 39 21 5 94 15 7 23 98 43 29 84 36 85 18 52 4 1 72 3 72 20 64 12 62 78 19 97 34 32 4 38 76 82 65 71 64 34 21 54 48 18 56 62 13 42 56 0 2 58 21 56 37 90 88 12 99 83 64 79 15 25 18 37 90 53 18 0 45 86 41 82 14 66 25 82 84 14 95 52 50 54 20 49 98 65 50 49 38 73 36 83 98 9 21 43 23 
84 76 98 15 98 39 91 98 40 10 83 61 61 11 38 45 53 44 41 26 60 91 60 65 77 4 57 34 80 39 52 74 98 60 84 0 42 96 65 74 79 78 87 3 85 54 88 23 4 97 82 42 68 62 12 68 46 98 61 33 45 18 28 16 76 25 29 85 31 67 88 15 16 94 30 63 29 26 32 23 51 12 63 22 85 63 36 45 93 17 39 17 81 45 31 89 86 15 51 70 
81 93 40 69 75 80 62 46 7 3 96 23 93 47 96 30 18 66 66 90 17 78 51 3 44 20 89 69 91 38 53 79 51 17 6 84 99 91 84 70 44 39 75 97 51 29 73 78 11 28 97 4 79 35 73 87 56 20 62 36 75 99 15 88 42 35 96 44 29 4 80 47 3 36 93 62 8 71 66 69 53 81 92 91 58 95 61 24 56 68 75 73 15 61 73 88 94 83 55 36 
88 33 14 39 57 37 74 70 33 19 67 93 36 31 13 23 63 34 24 52 18 97 18 33 11 17 71 96 53 78 32 53 65 77 3 60 81 31 78 41 90 80 48 56 63 4 23 76 90 85 80 29 23 85 81 72 18 86 9 80 10 79 33 55 99 36 41 15 64 21 25 66 30 55 97 19 75 63 46 29 26 11 71 68 26 22 18 50 53 84 32 28 91 26 36 74 91 3 74 57 
65 83 3 38 29 6 18 97 19 21 74 32 16 36 47 33 60 43 87 95 19 55 34 80 33 36 47 42 33 1 64 27 85 77 0 89 88 91 64 24 88 32 0 35 63 45 14 44 28 61 70 39 13 36 24 63 79 36 44 62 36 10 21 56 64 36 68 87 31 30 69 18 78 98 78 95 92 85 86 36 7 67 89 17 87 62 99 90 82 98 62 12 72 75 36 54 49 7 27 0 
73 1 82 56 60 31 65 3 54 96 65 35 16 29 27 34 84 25 29 97 97 74 9 30 71 3 84 59 33 82 26 68 19 14 72 30 10 54 49 21 22 51 34 19 48 96 68 98 72 50 76 36 57 29 20 65 18 94 91 89 75 98 15 34 1 41 86 20 17 35 83 79 28 45 57 17 3 59 60 21 77 20 42 79 69 34 33 33 24 8 28 21 80 2 75 11 2 8 87 26 
5 54 85 46 59 38 14 81 88 54 87 50 12 79 17 53 78 42 15 85 87 70 83 78 59 87 55 15 34 13 57 99 9 36 9 58 64 18 69 46 51 29 25 3 52 36 40 4 72 84 70 78 67 99 60 10 97 55 33 66 98 75 23 12 2 16 37 91 10 34 34 38 14 13 58 34 59 26 63 98 78 68 95 5 13 40 11 47 86 24 91 84 22 43 96 25 32 10 51 20 
58 29 1 63 38 41 94 32 21 77 53 52 65 46 56 28 29 68 40 46 57 85 36 28 85 96 2 50 22 74 2 95 27 8 14 54 62 66 45 25 15 49 64 73 76 83 50 75 46 51 95 43 86 79 47 95 96 70 52 19 0 81 33 62 90 6 97 59 60 10 20 9 77 95 27 55 92 90 41 52 16 21 12 66 19 21 66 81 50 34 2 83 71 79 94 10 14 15 26 14 
84 15 61 83 98 26 58 4 4 88 94 29 53 3 4 27 77 71 0 22 4 14 92 48 11 94 96 95 56 59 58 74 27 33 9 52 30 23 57 58 77 7 99 80 55 16 69 57 23 6 57 90 34 69 78 36 71 64 15 9 28 23 63 48 53 23 37 20 79 85 1 63 82 25 86 83 50 44 89 9 91 4 9 56 11 16 33 60 44 72 95 47 69 86 31 65 1 24 83 31 
74 80 88 23 33 66 13 50 87 96 90 55 25 0 28 66 59 33 7 51 61 79 44 10 72 88 96 6 20 91 53 29 74 0 95 0 79 60 6 3 5 75 18 19 10 63 50 34 31 63 5 59 95 91 38 66 56 98 12 6 29 17 14 97 89 34 82 68 50 53 87 25 69 49 99 13 2 15 11 77 67 74 12 54 30 59 82 19 66 79 45 20 89 44 69 21 55 97 94 25 
78 4 14 39 67 79 43 0 0 51 48 47 30 63 94 61 81 76 82 13 33 23 49 55 35 60 88 55 65 69 53 21 38 78 74 74 78 20 41 33 8 11 59 35 45 21 69 56 48 20 43 23 82 82 87 4 12 91 2 56 39 55 69 25 47 54 55 58 71 88 32 49 76 52 45 66 55 36 99 3 64 38 34 67 61 73 75 51 36 83 79 20 16 22 29 60 93 24 9 59 
73 64 74 69 22 1 71 5 33 89 34 50 5 62 25 27 9 4 41 60 62 87 47 10 29 66 72 4 71 57 56 44 33 18 38 40 38 70 67 50 7 23 69 32 90 33 18 92 87 77 1 87 23 36 6 96 1 76 88 51 53 31 12 87 95 89 44 25 29 12 31 69 24 42 83 42 8 38 11 18 82 94 15 35 90 4 84 12 77 39 44 18 16 9 29 30 54 2 28 39 
2 58 58 36 97 78 70 52 59 5 6 64 39 14 27 33 76 82 9 67 96 67 60 73 80 88 19 50 34 19 10 19 75 52 7 25 89 60 41 26 78 79 65 31 57 25 97 61 0 35 9 37 19 68 35 72 36 54 34 30 16 23 23 21 1 51 8 82 57 76 20 80 81 78 22 16 29 44 33 83 23 73 77 69 98 79 87 91 85 98 51 56 68 62 49 21 14 86 84 21 
16 8 83 13 53 37 72 57 38 50 59 87 44 51 3 13 8 63 83 89 98 24 16 82 53 13 21 82 50 1 27 27 3 70 18 83 22 29 75 59 90 16 16 44 8 37 12 87 82 13 4 83 24 49 42 98 56 11 88 18 88 20 61 87 13 33 65 96 55 12 27 97 46 40 26 80 95 76 61 16 11 84 12 73 19 0 38 66 16 88 44 99 81 12 74 27 67 65 12 13 
29 49 20 53 96 20 58 73 28 91 72 92 76 56 52 47 78 13 78 83 70 5 2 14 89 20 22 5 5 31 64 81 91 21 14 41 52 48 69 20 4 50 31 75 48 73 20 13 2 41 8 48 6 49 91 35 11 69 25 54 62 54 39 2 98 14 65 14 81 6 58 8 26 34 93 32 56 40 61 30 2 79 31 35 71 36 54 93 55 62 35 6 63 19 70 62 82 99 97 92 
44 44 76 75 7 98 9 33 88 24 65 79 63 63 22 14 38 11 82 34 39 75 72 65 55 72 10 70 78 17 67 2 57 2 93 43 99 78 97 80 19 85 10 28 8 82 51 30 66 13 17 60 80 4 53 38 43 23 25 50 66 94 61 38 27 14 24 58 93 90 8 50 49 80 50 29 70 94 25 95 12 74 18 56 12 50 92 67 58 44 29 50 63 65 32 30 18 82 65 50 
57 91 58 19 71 60 95 22 88 78 44 93 15 91 89 66 3 60 38 98 53 29 52 70 65 74 1 15 87 97 63 3 64 52 59 34 69 1 95 66 43 83 44 75 12 19 18 82 65 94 8 48 72 40 44 61 71 50 18 29 78 80 84 87 62 22 27 17 78 80 60 75 87 39 25 99 26 78 77 83 49 89 80 69 82 96 96 64 54 92 1 12 62 46 3 24 6 92 74 50 
31 63 5 47 47 89 23 55 6 80 50 71 47 28 32 48 76 50 88 3 62 48 65 76 0 39 17 60 93 66 44 26 48 49 2 67 28 86 34 40 24 34 41 64 24 3 43 47 69 9 12 58 86 79 25 32 75 63 0 89 90 96 49 73 72 27 99 74 69 28 91 18 43 7 66 35 56 55 89 24 70 81 44 61 18 20 95 33 96 87 45 27 10 7 98 50 39 19 32 62 
55 57 56 56 84 32 25 44 54 31 77 80 6 30 8 95 31 19 22 63 95 70 24 12 37 6 65 95 10 36 81 73 9 61 58 28 58 31 67 2 75 59 85 15 66 53 44 2 69 4 18 14 95 36 98 63 94 9 59 74 33 23 46 73 96 6 26 40 66 62 90 11 46 79 52 1 97 5 76 36 83 80 59 10 76 70 33 91 81 13 53 28 15 14 39 80 19 2 86 5 
99 37 39 85 36 44 50 77 32 7 40 10 30 30 89 14 43 83 22 57 71 89 17 65 21 80 56 30 91 5 32 67 42 34 79 65 57 13 51 57 99 2 24 19 9 47 16 91 24 83 66 77 44 89 57 65 6 42 9 49 32 13 86 13 35 23 84 43 56 95 91 51 81 98 97 85 29 70 48 46 38 39 52 51 87 10 76 43 15 90 59 47 69 8 42 61 41 4 84 62 
93 8 7 44 87 63 77 42 2 51 25 80 26 46 11 34 29 59 41 85 84 75 80 22 35 10 87 37 80 71 54 88 33 83 1 23 80 30 97 47 15 50 19 72 24 64 65 68 38 20 22 77 8 41 66 88 5 53 8 98 1 14 50 71 48 93 38 78 49 90 42 12 64 44 3 97 55 14 9 11 89 94 86 12 36 93 55 18 60 19 63 76 4 16 15 48 17 92 55 35 
73 95 43 97 50 80 11 70 31 7 26 80 66 20 97 17 11 98 5 31 92 95 3 3 17 22 3 11 61 11 46 91 57 94 79 54 85 58 81 44 61 87 14 75 26 86 55 58 29 20 86 9 28 54 12 46 22 7 21 36 39 58 44 10 29 30 48 18 84 19 11 71 5 26 52 47 69 56 88 33 84 16 56 42 72 7 10 15 30 3 21 86 56 22 14 96 4 7 61 78 
4 14 39 43 18 89 68 74 30 7 60 16 86 0 14 83 69 78 77 16 3 74 7 78 84 34 15 21 26 57 45 78 45 7 95 87 9 35 38 10 90 94 99 45 39 59 80 0 39 39 66 62 97 45 63 49 74 38 42 92 61 9 46 78 10 75 45 33 13 89 91 72 68 82 65 65 4 62 90 49 73 71 87 1 62 35 57 53 83 90 89 23 98 50 87 94 47 5 20 47 
