55 98 33 24 57 81 51 19 69 47 92 2 36 1 57 84 63 93 6 34 74 87 15 60 52 65 76 61 41 61 48 66 51 6 89 53 61 49 83 29 73 13 18 90 3 97 52 1 98 57 40 90 52 77 44 55 93 97 37 69 88 87 25 62 40 89 67 97 19 18 50 77 84 17 84 94 55 76 53 74 51 2 76 31 28 14 0 30 49 54 42 56 19 4 11 46 86 12 20 82 
80 66 45 20 92 45 18 82 48 33 66 32 30 89 43 99 55 32 39 76 73 4 80 51 47 79 66 64 42 6 54 53 99 51 18 18 78 83 36 74 41 72 5 39 70 80 51 76 60 78 81 52 9 76 53 1 51 89 50 62 88 27 55 42 8 41 95 99 49 39 63 46 39 78 77 63 91 62 30 74 44 41 82 23 56 93 14 76 88 57 19 29 59 60 25 33 45 46 27 62 
31 84 77 89 85 10 85 71 10 19 90 19 47 23 26 89 39 75 32 94 90 83 97 17 80 20 50 98 20 60 65 8 12 18 71 84 95 76 7 40 31 27 57 61 84 38 65 86 5 3 57 28 60 79 40 54 35 47 29 28 85 19 63 10 1 1 54 67 95 93 46 78 49 59 38 66 44 78 52 21 27 52 55 74 42 2 69 99 99 46 46 32 33 1 68 10 66 26 48 22 
51 92 38 33 17 83 57 56 90 45 33 72 68 90 40 76 57 87 70 86 0 11 96 42 64 0 32 16 98 72 27 57 67 77 55 53 78 93 54 36 59 53 25 49 81 18 78 2 65 46 96 13 31 41 29 10 85 51 35 78 14 55 14 63 92 36 97 58 33 47 49 1 62 62 77 37 78 59 48 3 29 40 32 53 68 17 40 3 76 71 89 46 85 47 76 54 10 66 32 35 
5 28 14 97 16 42 0 52 26 37 45 52 94 36 60 77 82 25 73 47 27 18 42 10 8 17 3 96 84 74 60 13 11 17 1 26 49 43 5 85 81 1 47 9 40 14 98 99 66 40 24 16 99 99 6 56 38 61 30 74 82 49 81 84 23 20 78 5 24 25 6 62 96 26 13 86 54 35 61 97 39 35 70 75 31 59 89 12 84 37 73 59 14 85 91 16 36 76 65 74 
49 90 78 9 11 52 19 47 0 34 29 57 42 76 33 40 65 96 4 44 18 99 0 77 62 28 86 8 39 46 58 61 6 92 28 59 54 79 89 11 47 95 13 29 75 25 22 11 17 13 89 15 95 26 59 74 82 98 99 34 75 24 41 42 12 90 2 80 47 36 31 84 75 42 27 69 25 6 93 79 48 94 53 64 68 63 82 48 39 94 20 0 13 29 47 84 34 57 3 75 
69 78 33 56 99 16 82 39 8 33 87 53 22 36 37 28 8 76 49 81 72 60 79 83 44 9 18 40 6 44 39 54 22 26 99 4 80 64 86 33 94 88 54 94 78 78 11 83 16 35 56 45 26 84 34 99 85 77 20 46 36 47 46 59 67 54 18 59 13 15 83 85 44 79 36 15 97 4 13 76 43 32 48 66 53 99 43 64 76 0 63 30 9 38 96 71 51 9 56 7 
43 76 46 29 45 4 15 55 66 11 14 89 38 54 83 18 80 51 97 97 48 46 73 0 17 38 26 74 50 88 2 50 46 27 81 70 70 97 93 33 14 38 49 72 37 85 7 35 76 63 51 91 89 44 93 55 91 10 2 88 30 25 53 45 13 0 29 83 90 82 21 56 8 73 52 83 31 69 42 31 80 68 27 71 45 81 46 80 35 27 25 69 12 11 27 4 68 68 26 14 
59 77 30 53 93 12 22 75 72 79 98 11 41 80 48 66 49 41 10 12 99 43 96 76 43 30 22 87 84 50 9 9 93 32 38 36 49 64 27 15 69 82 61 62 51 22 30 11 32 36 36 8 32 88 45 6 25 67 84 46 37 6 48 21 29 22 72 41 3 84 31 30 54 6 41 30 69 31 61 73 76 7 0 11 65 74 38 59 86 96 11 16 74 81 77 38 99 84 12 20 
84 1 30 23 14 43 21 9 67 86 25 59 53 21 18 20 64 19 69 3 11 24 82 86 56 58 30 48 54 85 54 12 31 26 88 63 66 78 40 16 90 79 70 10 64 75 30 14 73 89 4 10 8 80 57 32 79 69 73 79 71 17 42 46 57 79 65 90 78 91 16 19 58 46 12 6 33 60 52 34 73 28 33 55 44 26 44 82 82 23 5 62 53 36 68 34 81 60 89 84 
13 88 16 74 26 36 99 95 3 28 20 0 88 90 86 51 8 85 39 20 9 7 21 30 89 91 9 40 64 82 21 21 19 39 92 89 31 8 80 29 78 59 83 88 49 77 86 78 47 74 14 13 85 53 19 19 31 29 87 20 5 96 83 20 77 43 40 91 76 98 97 27 88 30 39 61 93 64 93 56 66 36 25 83 66 37 94 69 50 54 75 9 81 6 0 67 83 93 76 97 
46 59 63 82 51 12 1 1 99 44 63 37 93 79 80 36 55 48 6 56 43 67 98 37 8 89 97 16 96 39 32 7 93 14 55 90 39 33 70 78 20 48 52 80 15 3 31 69 61 86 83 59 97 99 90 78 73 36 60 28 97 67 17 9 80 3 16 79 89 58 20 77 48 88 48 79 72 5 18 93 99 25 49 27 24 39 9 33 9 79 11 98 90 53 61 11 44 11 53 17 
56 70 49 10 18 56 3 96 34 76 58 46 58 59 60 12 94 5 85 17 51 67 5 24 37 0 41 72 92 97 40 7 53 21 31 69 70 89 73 68 90 68 53 46 38 19 77 70 33 79 40 40 44 23 57 76 25 76 50 5 44 69 84 91 88 56 60 69 53 30 74 94 91 62 20 66 6 17 18 25 21 68 73 88 7 83 89 91 64 41 62 46 26 44 56 43 20 78 11 79 
23 39 59 52 38 65 60 34 42 78 40 73 3 9 67 75 1 28 48 77 23 52 35 15 0 85 26 44 2 55 8 51 75 85 74 48 30 81 20 30 31 69 96 77 74 1 52 63 90 49 18 14 57 91 7 16 6 32 65 77 45 84 54 61 46 83 37 64 21 75 63 54 69 70 4 38 92 0 43 68 49 50 79 14 83 41 36 76 25 37 41 96 82 87 7 1 16 25 94 46 
19 74 71 57 51 6 49 28 66 63 36 64 59 11 79 28 40 3 57 9 77 65 54 19 73 15 70 50 0 16 59 82 29 30 71 12 22 80 16 87 34 36 43 37 75 61 30 77 93 51 58 45 89 23 72 43 97 49 95 78 90 71 10 94 7 28 74 11 30 72 88 26 24 33 24 33 94 71 44 85 93 12 6 5 97 0 27 28 26 95 87 35 55 82 25 72 68 11 74 34 
93 75 76 59 88 90 55 14 83 22 65 12 21 79 19 93 43 91 16 38 25 24 92 62 67 90 15 82 89 51 46 13 78 92 66 0 64 42 29 29 55 40 70 54 77 3 32 68 77 72 69 77 82 32 79 83 5 42 88 18 97 80 14 31 19 71 33 38 87 49 52 45 26 67 65 78 20 64 93 75 55 99 47 80 4 12 28 13 58 34 83 49 81 63 18 30 61 73 25 61 
47 67 81 56 55 87 91 54 66 74 66 79 42 5 15 24 64 83 8 82 89 39 78 14 53 87 82 96 55 68 18 96 89 81 89 0 6 58 57 20 25 2 32 98 9 97 63 85 17 61 93 44 99 7 76 19 48 5 43 78 26 75 56 73 52 70 62 6 20 90 65 53 90 47 53 0 69 67 53 79 48 23 17 68 31 1 49 42 26 27 87 3 73 19 47 90 96 74 6 90 
77 35 89 96 88 70 6 47 74 48 7 54 97 72 86 82 70 94 2 64 72 63 51 25 69 74 31 48 43 30 3 88 64 51 64 35 93 89 87 14 51 83 51 65 27 76 98 93 40 72 69 1 58 49 20 46 29 55 84 87 31 65 91 51 10 16 25 20 77 58 37 64 1 96 8 70 27 28 27 71 72 66 51 41 83 47 60 23 39 26 43 15 64 7 53 89 83 49 74 72 
1 53 82 82 31 87 30 59 76 51 63 30 39 48 84 71 36 83 21 0 28 28 78 43 31 9 52 96 58 47 78 15 81 12 28 36 90 5 40 65 75 61 49 7 20 39 69 21 65 77 1 73 98 44 62 52 80 50 6 53 19 17 69 13 92 37 65 17 2 5 92 51 51 71 73 94 36 38 0 85 69 75 50 58 93 38 96 95 82 74 78 92 23 15 11 62 67 24 99 35 
94 56 69 23 57 20 39 35 14 85 79 96 12 91 27 26 28 51 14 90 1 17 80 68 2 70 68 29 61 95 17 84 38 5 55 51 64 44 3 25 55 69 32 90 11 93 79 30 28 70 18 29 91 80 40 55 27 60 36 19 87 36 55 81 79 44 3 45 5 71 65 82 35 89 57 70 10 79 68 14 25 23 7 74 25 22 70 43 43 71 43 4 16 94 33 62 1 41 59 82 
4 94 13 8 37 21 48 82 4 79 69 42 89 23 44 19 10 0 62 81 5 39 17 96 9 78 82 83 31 81 4 13 72 32 11 60 18 54 31 68 86 80 42 26 3 53 95 65 0 60 24 1 38 39 51 7 86 55 56 16 34 87 86 21 82 98 79 13 73 87 65 77 3 35 59 1 17 13 55 16 11 84 49 22 78 27 35 88 54 89 18 92 17 32 18 93 25 66 14 97 
74 64 74 61 92 51 80 25 92 48 20 12 84 44 75 50 32 3 95 56 82 8 85 92 29 30 42 91 54 10 30 26 3 9 50 40 48 72 9 4 63 76 50 61 15 7 92 75 48 12 85 4 57 65 51 16 90 75 4 5 44 26 24 38 42 23 13 5 25 62 34 31 39 0 5 74 59 1 2 78 52 45 63 21 96 75 29 20 95 7 10 99 96 40 9 19 51 85 87 17 
96 54 60 89 35 29 77 5 61 18 26 91 69 34 47 6 70 15 15 76 48 8 6 11 34 74 12 9 99 52 24 9 31 71 37 44 76 53 90 0 88 43 69 30 42 96 27 22 40 23 54 79 59 40 62 8 69 12 8 74 26 91 44 42 86 97 34 18 89 39 36 52 1 22 46 67 12 86 86 36 62 65 68 10 45 42 20 97 73 96 59 92 47 50 32 59 44 81 4 16 
47 31 67 16 83 66 24 93 34 72 75 89 43 37 35 1 65 67 51 55 11 0 72 65 51 53 38 95 42 30 9 66 62 54 8 90 7 40 21 85 30 70 80 89 51 93 77 40 49 42 91 62 67 23 2 79 1 5 79 29 11 16 67 48 85 43 9 4 73 46 0 75 36 5 80 80 11 51 36 99 37 75 44 2 17 30 59 75 34 17 4 6 36 36 8 94 77 79 92 91 
68 43 41 79 26 12 59 41 7 91 98 5 42 19 78 90 95 40 62 80 93 85 59 10 97 49 78 23 37 16 39 23 72 16 8 0 45 76 29 26 43 51 69 4 20 36 29 19 60 73 15 76 31 78 58 25 93 75 40 8 6 60 36 8 87 16 45 96 51 88 70 21 49 1 0 94 62 37 61 82 26 77 70 61 8 43 79 7 17 67 70 9 99 90 97 90 74 19 80 77 
40 84 94 15 80 4 63 60 4 39 74 37 33 57 31 20 19 44 68 47 84 31 96 70 5 99 72 12 52 29 89 36 80 16 78 4 46 85 6 10 24 76 0 84 11 84 15 29 40 50 0 42 35 10 58 91 52 58 8 95 95 15 64 93 82 77 96 48 83 63 29 99 35 55 68 93 77 23 52 12 52 11 19 56 33 1 16 55 11 15 17 91 67 4 14 16 62 6 93 50 
16 18 16 76 96 64 72 66 14 28 27 81 43 22 96 89 67 34 42 4 27 63 10 56 93 53 25 92 13 19 74 11 29 94 31 70 5 36 77 81 19 25 4 35 9 56 9 81 80 64 60 24 15 73 33 82 21 44 6 98 35 81 13 3 29 60 54 31 98 82 40 12 87 26 96 27 48 31 61 72 9 44 38 96 36 29 29 32 18 59 10 63 99 95 16 38 13 83 13 31 
56 90 55 8 0 42 65 61 75 74 92 5 14 52 0 83 21 23 7 71 49 70 7 1 86 13 85 92 5 56 88 96 31 93 48 52 30 8 89 97 72 62 71 29 78 30 15 71 43 64 5 3 65 79 83 12 83 0 58 49 79 33 72 1 82 70 74 66 10 27 95 11 95 9 0 92 10 46 97 62 17 35 32 64 75 84 5 54 19 95 38 60 42 64 7 77 78 9 56 72 
28 92 90 34 78 49 16 82 5 30 51 45 96 96 60 98 46 8 24 65 93 50 92 46 20 93 87 73 58 47 16 63 27 25 68 52 58 22 51 22 88 8 58 0 76 56 93 48 35 40 6 74 18 98 86 31 30 94 82 61 7 94 9 3 12 78 68 67 50 47 6 6 70 0 17 87 92 66 36 64 90 59 66 29 42 78 87 79 47 33 50 96 13 9 87 92 74 93 46 3 
39 56 79 28 56 20 7 58 21 23 23 28 18 41 0 62 56 78 59 53 4 6 97 88 71 61 2 97 66 80 42 6 20 25 68 21 74 46 94 48 46 33 56 29 12 59 88 61 56 30 98 87 88 3 77 99 85 28 38 92 95 38 40 71 95 7 35 89 39 13 53 78 56 50 1 23 59 75 26 97 84 43 36 83 80 10 93 46 68 5 79 19 58 32 12 81 72 1 10 3 
96 90 47 60 18 38 60 5 72 88 22 99 49 72 65 18 51 6 29 97 72 93 73 91 47 84 42 5 0 51 20 5 8 68 86 54 37 39 96 5 82 47 72 47 74 18 14 0 30 0 21 40 20 6 1 88 5 48 98 35 3 77 24 73 67 3 29 76 93 75 73 89 50 6 48 5 17 87 41 76 1 59 85 19 13 6 77 61 5 40 96 11 12 48 16 56 87 48 16 61 
37 41 86 26 23 8 79 93 78 5 39 64 71 83 53 93 26 29 46 0 6 99 69 64 64 75 87 38 70 77 71 31 98 18 65 92 42 93 99 82 34 40 65 14 77 64 73 11 4 89 21 63 61 29 63 8 38 79 93 6 80 33 98 92 43 57 5 26 71 62 1 34 33 66 9 51 74 55 41 41 71 84 76 75 45 30 75 45 87 95 90 86 70 49 22 73 81 26 30 10 
97 78 54 23 98 77 25 67 43 39 5 71 86 82 89 36 91 27 18 32 71 35 66 4 48 55 77 21 27 1 68 58 97 97 12 18 26 5 35 90 23 93 26 41 21 69 34 45 23 75 86 41 21 23 9 25 13 42 16 38 6 7 7 23 6 72 77 35 20 64 93 51 43 19 78 78 86 71 85 40 20 90 89 36 13 96 71 81 26 94 76 10 13 43 8 93 53 82 68 45 
93 12 50 56 54 87 90 31 30 64 49 27 22 17 86 96 64 97 37 44 66 28 71 78 53 22 21 28 85 3 84 73 28 84 89 39 1 89 71 64 80 94 61 83 23 27 52 22 94 87 25 86 74 15 35 34 38 66 71 19 79 72 75 32 54 61 64 77 20 15 75 65 66 63 63 20 76 88 77 70 34 68 16 82 77 95 50 26 87 45 11 67 31 52 72 48 3 2 54 46 
98 83 44 42 60 74 22 90 92 28 68 12 53 54 95 13 96 65 14 86 25 71 91 73 96 3 55 41 14 43 75 29 88 5 33 50 11 48 74 76 37 72 45 76 95 5 72 63 43 84 38 1 19 2 33 38 87 45 20 81 36 65 7 76 93 87 77 7 71 80 19 68 35 3 12 41 78 91 97 48 17 40 85 8 46 40 51 73 7 95 47 90 24 62 30 73 46 31 66 75 
35 14 57 92 3 2 57 41 97 94 48 92 78 81 1 35 49 1 95 21 17 28 28 14 7 4 88 13 31 68 99 7 3 34 89 77 45 8 80 30 82 42 35 86 76 88 77 26 21 75 48 61 0 53 7 79 88 43 26 88 95 55 96 43 21 41 9 55 24 25 65 45 6 5 1 91 16 97 21 81 90 68 21 10 33 64 76 2 44 38 18 93 38 79 89 6 2 42 50 25 
28 17 13 46 84 33 90 7 97 74 61 83 59 27 96 56 47 28 76 86 26 93 73 98 53 20 62 9 5 25 72 61 35 9 38 80 37 89 42 2 37 49 33 6 73 45 84 19 31 98 29 89 59 60 68 69 24 86 43 17 60 91 72 69 79 88 5 45 60 78 65 80 84 77 29 72 47 61 29 95 1 92 40 81 75 68 5 47 58 50 48 48 71 47 76 62 20 70 95 59 
90 83 63 80 39 78 85 94 42 91 75 43 60 57 66 95 81 56 26 8 52 75 5 70 51 17 42 52 39 96 34 95 2 68 76 48 62 29 90 35 57 63 62 65 69 33 41 11 90 76 33 64 93 58 59 77 88 2 97 90 43 73 36 77 13 73 72 98 4 73 78 13 97 82 66 95 79 21 87 65 21 57 64 30 30 49 4 80 5 45 96 98 97 33 59 16 83 83 23 79 
37 11 2 98 77 31 27 37 35 52 34 8 71 6 54 92 63 34 18 6 71 70 97 30 57 69 81 78 7 61 29 78 95 73 95 47 50 75 50 69 36 18 4 86 8 75 70 4 87 57 87 40 61 78 87 15 66 72 25 45 26 16 58 85 0 85 39 36 80 52 73 34 39 71 60 89 7 96 46 23 18 24 25 54 24 48 54 81 61 90 99 90 19 66 43 26 96 35 0 97 
34 80 65 79 60 60 50 66 84 78 49 13 66 69 82 67 15 36 50 96 69 3 90 1 75 45 82 66 88 1 92 78 21 91 63 89 2 60 38 17 32 40 43 69 28 19 68 25 31 46 95 28 39 84 72 58 17 93 73 1 3 61 45 82 60 23 69 20 30 76 4 29 15 47 24 61 63 35 2 90 8 91 5 48 47 37 64 88 50 64 78 35 27 54 70 30 40 98 49 28 
95 39 44 76 36 10 88 91 12 32 19 11 25 30 64 1 24 20 70 77 82 24 27 40 33 77 63 34 92 12 2 72 42 77 66 84 76 81 31 0 18 90 73 56 35 32 88 31 26 95 43 59 96 16 15 23 55 25 64 54 57 7 27 50 38 78 30 98 54 60 46 64 39 86 31 49 93 79 57 86 66 45 81 91 80 97 65 66 49 54 69 6 79 5 54 96 76 59 80 86 
31 60 59 30 95 87 77 62 36 29 51 17 16 86 1 48 68 98 7 47 63 12 82 57 13 37 14 47 3 31 72 31 7 68 63 16 28 93 75 26 35 22 51 14 67 27 35 28 61 31 64 18 67 80 63 97 84 80 67 7 61 67 15 75 57 84 47 40 71 60 41 54 39 5 99 67 40 3 0 45 74 85 92 69 56 97 16 0 27 21 41 19 11 1 59 76 29 53 69 91 
46 77 71 82 36 6 41 37 43 46 54 1 57 94 15 55 84 64 29 27 19 60 28 65 75 63 14 11 48 34 83 29 5 59 46 30 53 97 51 88 6 17 15 18 38 73 85 71 91 76 38 57 75 41 56 23 65 77 30 80 10 91 43 50 16 50 24 6 62 27 71 20 92 71 73 36 50 75 26 46 15 57 32 28 16 21 13 82 16 93 77 67 19 41 3 17 42 55 18 69 
5 58 8 4 43 56 74 53 1 38 54 16 9 27 77 90 9 99 59 30 21 25 73 76 17 39 50 68 3 73 53 68 99 97 1 81 0 49 8 80 6 41 58 17 92 35 22 52 55 56 47 91 64 85 84 66 95 21 31 5 76 65 71 35 71 61 24 59 90 25 53 20 53 8 84 88 65 52 4 6 2 46 31 92 84 3 61 46 7 36 68 73 61 53 62 90 50 80 12 86 
66 48 64 26 8 44 85 7 95 18 33 0 1 39 0 67 13 49 68 48 21 7 72 79 17 55 32 41 43 61 69 10 71 83 13 38 37 28 42 84 0 30 11 34 45 15 39 14 72 46 85 56 46 38 27 41 25 50 39 79 64 57 95 19 74 17 56 51 20 20 1 4 24 47 49 91 65 96 98 6 9 83 8 37 94 77 13 9 92 47 50 18 65 63 94 32 30 70 97 79 
42 25 44 51 68 89 75 12 6 88 63 50 59 75 81 53 56 53 42 69 15 77 20 56 76 55 30 78 24 54 88 52 94 90 82 80 60 8 32 57 47 71 80 56 83 98 0 10 93 33 26 79 13 72 83 46 62 85 3 17 60 78 65 27 9 75 58 53 79 13 50 70 77 3 35 38 64 24 41 5 40 70 10 63 99 25 26 92 70 54 77 81 1 77 44 40 95 21 50 96 
66 43 36 83 92 54 39 46 79 22 28 54 10 22 0 23 73 19 81 21 13 69 49 6 0 15 93 19 63 43 69 6 20 99 14 15 63 39 72 66 60 51 37 61 19 63 73 54 30 2 28 42 82 18 81 27 36 85 61 44 70 1 19 19 26 8 92 4 99 87 46 86 62 67 89 45 58 9 38 95 83 18 35 24 75 34 34 89 10 6 10 10 11 35 76 7 32 26 58 8 
51 1 5 68 33 23 58 84 28 22 33 83 75 4 15 13 28 60 37 68 13 27 22 38 87 30 12 9 37 5 85 4 12 97 25 75 42 30 30 72 0 8 96 30 71 91 94 49 90 84 13 44 98 90 91 0 10 81 31 70 37 26 23 23 81 3 82 2 21 28 43 58 54 87 33 12 22 39 53 58 45 75 21 69 69 1 63 88 63 97 5 38 13 60 77 83 31 92 16 22 
85 54 15 9 12 53 46 12 45 5 84 15 20 76 19 94 89 60 96 78 2 93 2 29 9 11 0 54 41 47 35 71 79 71 48 15 68 48 38 15 39 36 32 51 16 11 30 13 82 25 68 69 61 69 90 95 20 44 22 93 68 97 11 24 35 35 92 14 90 23 8 46 1 44 19 15 40 81 73 16 25 54 70 79 9 97 38 28 71 82 29 44 72 48 81 95 44 3 46 3 
55 79 26 91 79 2 55 11 9 97 6 68 90 98 73 78 96 98 44 87 74 45 51 3 88 55 15 62 54 86 58 62 47 87 23 46 16 77 94 62 10 51 12 32 1 34 3 23 74 3 41 1 64 50 70 86 93 43 50 78 38 28 60 23 21 35 63 45 77 65 10 46 76 11 11 82 40 37 31 57 39 88 26 2 69 4 48 28 38 90 87 31 24 1 95 42 9 55 10 86 
17 23 90 89 7 26 87 20 54 39 9 46 22 74 61 94 42 79 63 86 12 47 25 9 31 2 94 22 17 24 60 7 85 34 2 8 50 19 24 23 69 72 41 4 67 92 76 49 91 76 78 36 46 46 31 8 4 58 34 60 22 29 42 82 17 14 66 7 90 27 2 35 77 93 79 68 23 86 66 6 47 86 69 74 81 27 71 91 78 26 72 0 79 3 82 19 72 4 81 6 
18 65 38 40 92 21 92 94 82 45 22 46 67 65 92 80 29 79 8 91 10 21 20 42 82 57 5 68 38 38 33 81 67 93 10 22 47 5 26 26 71 68 6 85 66 97 59 57 77 2 38 44 16 55 34 6 63 79 39 43 24 83 21 59 12 79 31 68 41 83 14 24 99 99 73 71 49 95 90 27 50 2 88 58 3 0 87 95 99 69 41 66 62 28 58 89 66 76 46 3 
55 97 73 39 73 94 15 28 76 30 25 96 51 69 88 41 67 25 1 71 38 40 97 23 43 31 74 39 85 75 97 55 68 43 29 4 50 90 88 11 34 71 52 93 21 70 97 72 29 57 81 76 35 15 1 75 48 3 50 97 96 16 30 88 10 79 31 43 53 30 12 50 63 80 44 65 43 50 39 0 1 56 80 11 55 94 3 17 48 24 78 3 3 48 83 2 73 63 72 96 
20 71 7 7 68 16 15 46 74 27 7 46 18 39 1 92 69 26 25 83 72 31 71 84 84 34 98 68 70 43 95 59 20 83 30 15 37 96 70 90 9 7 23 27 73 53 27 58 54 65 18 71 8 23 87 21 20 78 14 92 73 61 59 79 71 45 27 46 85 2 26 38 21 66 76 6 50 6 60 66 29 50 2 22 31 96 67 46 38 0 3 52 9 27 74 89 61 82 51 71 
17 9 49 50 22 27 54 10 88 2 47 29 87 58 24 44 41 71 4 15 35 29 69 25 67 5 95 45 21 64 86 35 65 85 53 70 95 26 78 2 19 38 88 41 60 51 34 81 0 67 69 32 86 4 47 62 22 57 62 87 20 38 13 51 48 63 68 34 69 43 98 51 32 74 30 54 23 32 15 13 85 28 17 24 1 46 75 85 7 41 63 75 69 64 78 33 74 69 44 93 
75 35 68 93 7 96 35 6 57 82 47 59 39 63 86 37 68 50 52 44 13 8 2 88 21 79 63 33 80 58 40 20 22 73 70 72 11 54 14 51 17 92 74 72 23 71 63 37 85 92 79 36 25 71 99 96 32 98 79 9 26 11 0 7 57 1 22 27 41 59 64 67 32 70 9 44 60 16 16 9 81 24 18 21 79 4 54 81 37 81 37 83 59 74 52 34 37 47 3 76 
12 48 91 84 5 28 62 99 60 91 29 25 3 47 38 31 6 9 19 84 41 32 15 21 52 18 36 65 58 16 29 33 1 55 56 51 13 31 10 69 23 14 70 76 32 0 99 34 59 86 62 33 59 4 20 17 4 76 80 51 87 88 43 19 40 74 31 35 39 82 93 53 79 0 19 76 59 8 66 1 49 58 96 71 12 25 28 8 68 11 20 98 5 89 95 22 84 97 40 62 
76 97 20 21 73 90 76 87 82 65 65 41 77 45 19 32 95 97 11 97 23 43 48 64 27 93 92 37 13 38 24 70 24 41 29 79 16 90 53 62 37 85 90 98 70 95 44 66 77 6 9 94 70 60 68 26 46 79 46 58 1 11 1 92 54 85 62 68 37 63 46 5 5 24 67 52 77 21 68 46 1 15 94 73 5 7 32 15 61 12 97 51 73 92 9 72 47 13 85 67 
91 37 35 39 38 12 22 87 6 58 33 96 52 33 2 51 43 91 45 17 45 94 53 85 16 79 34 82 22 58 40 62 92 33 45 10 95 63 9 90 52 6 69 95 54 6 37 8 25 48 57 98 45 79 23 32 39 6 10 73 76 23 58 99 40 2 86 12 45 32 54 19 3 94 51 9 38 4 99 68 82 75 1 19 82 95 9 68 9 29 20 55 76 64 43 71 96 20 16 98 
63 88 12 32 41 8 34 52 9 31 25 18 71 31 62 56 52 81 52 68 16 34 32 54 99 10 58 66 80 28 9 36 62 10 67 26 31 3 28 29 14 42 77 52 3 0 70 37 22 21 21 50 40 71 57 19 29 35 41 48 31 93 55 49 33 22 43 69 36 52 88 32 74 33 56 32 15 35 7 14 37 47 50 96 22 47 29 82 53 30 19 13 82 75 92 15 5 25 88 60 
6 33 18 5 16 80 27 59 71 7 36 86 12 0 9 95 58 35 27 30 40 88 24 96 88 67 74 96 82 33 54 40 13 45 74 75 41 72 16 1 18 24 1 46 72 31 64 2 99 98 43 5 25 55 84 66 30 52 72 73 43 5 93 18 26 53 24 28 25 71 57 61 33 51 29 2 80 72 17 47 58 32 25 97 21 86 96 31 11 78 70 82 5 78 85 40 33 12 20 66 
83 92 41 85 15 15 66 82 45 32 63 92 66 57 30 55 15 45 86 35 60 54 4 47 59 66 10 86 45 10 30 46 39 20 28 83 21 36 35 34 43 97 33 39 52 58 68 43 68 77 79 58 29 78 54 8 42 60 85 42 66 27 3 7 59 89 77 36 98 34 44 61 29 34 57 54 96 78 28 49 48 5 67 47 93 21 56 92 57 0 20 62 26 4 5 83 76 10 14 96 
83 86 17 85 96 84 98 45 37 57 50 76 94 62 11 60 85 4 22 16 53 35 92 72 43 80 49 20 73 8 62 51 39 99 94 12 79 69 16 90 40 64 59 17 90 58 29 15 28 49 16 80 86 92 14 98 89 51 0 88 67 46 9 56 51 74 96 71 87 24 3 31 92 26 57 84 57 19 79 72 39 3 18 72 15 7 92 36 1 46 68 41 53 40 11 9 63 5 57 9 
67 58 87 22 37 35 30 9 95 13 15 29 53 78 89 68 12 1 4 24 66 52 83 87 29 78 88 72 6 86 66 60 12 93 88 77 45 44 48 44 39 50 91 49 67 47 39 91 54 65 89 97 33 17 19 88 4 65 93 10 41 1 92 78 49 32 34 53 42 64 97 93 2 56 90 67 68 73 93 90 25 7 18 94 74 54 6 59 93 44 44 62 47 96 81 4 51 52 78 41 
44 3 76 11 0 34 32 24 33 84 96 33 81 12 33 92 84 34 15 99 52 44 58 34 97 49 71 30 30 43 74 71 92 34 33 47 28 97 32 92 62 5 2 72 88 74 1 71 48 57 6 29 43 63 52 36 54 28 40 36 37 40 43 73 17 52 99 61 18 72 8 83 46 19 53 15 21 36 62 15 9 87 15 25 3 51 40 13 71 31 54 22 65 23 38 48 77 17 92 5 
11 59 39 45 34 38 36 85 22 15 48 7 36 45 65 46 43 36 3 49 60 52 23 75 81 17 9 0 45 17 3 83 23 42 41 61 33 35 54 32 15 9 27 73 85 50 26 38 49 52 22 96 20 79 81 32 94 57 74 37 63 33 48 50 5 14 58 52 72 13 29 18 94 93 35 35 39 83 54 35 77 49 76 42 43 26 35 53 15 91 84 35 23 44 51 51 90 46 3 10 
71 0 28 96 92 20 0 58 2 51 47 90 96 55 40 78 15 71 45 18 37 12 50 9 77 87 57 14 13 87 18 27 77 56 71 74 87 20 91 5 7 22 90 75 78 40 28 1 73 53 87 91 20 55 22 40 64 29 24 55 51 64 80 67 22 66 22 7 27 71 34 78 38 60 83 18 2 54 11 76 48 73 53 23 67 4 79 16 52 98 25 78 88 17 97 61 67 45 97 9 
4 61 26 15 74 58 42 63 93 92 1 68 62 90 83 88 91 51 33 61 30 50 84 38 15 94 46 14 28 2 96 10 81 52 96 26 16 3 64 41 10 95 2 52 91 64 97 40 75 1 60 67 78 70 74 77 32 60 29 98 12 40 63 95 62 58 2 53 24 43 95 73 22 78 22 67 40 43 35 28 76 37 72 61 67 69 81 89 13 86 88 89 52 91 30 68 28 35 6 9 
12 23 65 63 41 37 97 56 1 8 18 11 29 88 9 44 26 55 43 23 67 24 57 67 99 15 6 20 31 45 30 13 55 78 84 35 50 12 99 68 25 66 80 11 39 25 79 52 6 97 78 46 53 3 10 12 2 69 53 29 30 38 0 19 51 8 46 69 37 24 96 19 85 53 74 30 21 64 90 21 16 58 88 16 97 97 14 75 29 0 13 57 26 2 39 49 21 42 94 28 
71 68 24 29 12 34 33 57 60 69 46 63 91 30 24 71 67 61 37 81 7 20 76 89 94 35 67 64 8 35 19 30 24 52 52 21 63 32 39 4 88 13 20 85 20 34 49 72 72 56 10 86 20 70 52 93 83 87 71 92 85 3 27 13 39 29 42 89 85 67 26 67 4 15 46 73 19 80 81 35 63 92 3 50 78 81 63 28 80 81 5 69 75 27 9 66 73 30 96 95 
79 88 72 62 53 35 62 41 59 83 83 92 98 88 11 40 42 17 47 68 18 18 56 94 99 78 1 32 18 99 76 4 41 38 75 24 50 86 2 78 68 76 99 63 6 45 98 22 7 67 91 43 33 13 72 9 28 24 27 45 77 21 80 20 54 21 14 10 20 83 0 8 36 61 93 55 93 2 29 34 15 18 66 70 36 22 37 88 95 97 19 83 90 63 2 46 26 70 49 96 
62 58 22 90 36 97 41 61 39 83 62 81 38 82 90 49 12 17 0 76 24 86 65 87 42 1 72 28 27 11 56 10 13 20 66 90 7 73 3 61 64 52 26 43 73 67 98 4 52 79 43 89 94 78 65 77 89 24 81 8 42 35 95 0 21 24 63 38 3 3 56 87 59 22 13 64 68 10 38 75 25 67 11 10 74 53 68 97 26 99 88 67 22 23 74 69 37 66 41 75 
8 1 54 59 60 48 16 27 2 6 78 57 2 85 17 97 91 20 40 75 62 2 87 93 69 21 81 39 90 58 64 37 63 7 6 49 8 62 25 53 71 52 98 67 32 50 39 72 66 50 62 26 4 90 65 69 79 36 24 16 79 21 24 99 96 88 33 48 87 77 97 98 37 31 62 37 3 21 54 96 6 40 31 87 9 97 46 57 5 69 23 61 49 54 49 79 62 72 73 69 
84 16 53 86 9 27 83 23 10 38 39 1 12 84 25 78 0 38 50 15 55 82 14 57 47 2 63 87 6 83 80 44 64 79 48 49 98 48 87 97 89 82 1 86 40 36 38 75 46 98 33 40 64 33 86 70 62 20 58 44 63 73 88 57 30 83 33 82 94 35 87 22 85 84 79 57 69 80 48 6 87 51 48 68 88 74 5 86 93 76 58 6 94 91 83 11 27 47 98 23 
53 19 40 43 14 16 15 52 39 58 81 18 6 40 9 67 45 19 88 14 77 14 83 97 14 77 32 99 74 11 90 42 84 96 88 28 99 95 80 80 79 44 44 80 24 57 37 45 37 10 68 46 26 59 90 44 64 65 50 66 64 20 61 48 55 87 57 97 9 84 10 57 41 5 61 44 4 7 49 9 28 83 27 30 91 46 29 80 8 57 3 42 97 64 58 85 57 11 17 22 
48 23 9 31 1 70 3 86 51 69 91 40 39 36 31 98 33 87 89 74 37 44 70 7 12 86 99 0 7 12 26 30 95 32 13 53 93 62 28 98 40 3 45 22 13 63 23 1 51 7 55 60 59 47 47 3 57 27 95 47 8 31 19 67 70 8 54 49 76 65 39 60 92 46 89 71 52 51 99 80 86 9 42 46 16 81 14 84 90 85 95 8 93 3 83 31 70 58 0 41 
64 91 20 7 63 13 5 79 81 17 38 95 53 73 33 78 97 22 63 28 68 63 73 44 13 24 88 75 63 3 83 26 97 85 75 56 88 32 67 69 82 36 98 90 41 92 10 2 57 10 38 29 34 77 42 47 49 86 17 39 88 41 35 36 37 46 89 15 71 8 89 2 63 48 90 97 46 37 88 99 2 46 32 72 26 20 78 80 1 42 38 78 66 14 84 38 5 39 92 76 
30 24 10 46 19 54 70 99 3 88 10 25 64 89 51 56 64 99 90 45 28 39 99 74 17 10 95 38 12 22 33 18 14 72 6 33 7 80 46 6 24 5 90 36 68 96 84 75 73 31 16 76 15 54 96 89 40 96 26 42 59 17 13 75 58 28 17 3 3 85 6 4 27 61 7 24 26 17 72 67 85 10 65 78 33 22 14 76 39 80 39 63 5 72 74 29 60 9 83 27 
78 86 55 74 69 39 1 84 9 34 1 61 7 10 74 63 47 43 11 39 95 18 60 81 0 29 82 53 96 10 40 19 56 61 47 11 53 32 16 82 78 19 9 41 84 15 50 75 80 9 0 33 92 10 15 80 84 26 79 39 87 4 60 57 91 85 83 69 81 47 93 88 20 6 46 39 3 55 92 29 77 45 41 72 89 69 59 79 54 31 27 98 21 78 79 26 20 62 84 82 
1 0 70 39 76 61 50 10 61 72 6 11 73 30 11 18 23 51 47 35 66 2 0 96 97 60 97 77 78 53 48 7 2 19 88 10 81 7 67 32 25 49 91 75 98 44 0 20 1 54 5 76 63 97 24 15 88 26 51 4 82 85 93 24 12 81 83 15 24 65 67 27 72 19 15 14 33 92 50 50 4 28 84 66 50 99 38 92 5 29 71 29 51 10 81 93 66 33 60 32 
21 50 97 12 18 57 9 20 20 9 83 63 87 28 4 1 86 53 34 87 37 0 91 86 19 45 30 98 73 75 21 46 43 2 85 87 54 15 71 60 59 23 73 37 83 91 49 53 88 66 80 8 11 47 41 37 78 97 66 74 84 48 68 13 87 62 47 71 77 25 0 0 5 91 71 66 28 96 39 93 63 6 32 86 28 59 83 18 49 38 3 10 24 35 99 89 72 24 75 74 
58 64 25 10 39 32 49 99 97 35 90 30 44 70 26 71 96 67 47 3 40 0 36 18 56 36 16 1 7 55 49 18 78 87 4 99 97 26 90 40 79 44 50 76 87 80 46 97 66 47 27 66 82 12 73 58 53 60 50 47 63 4 61 52 56 27 2 43 74 13 64 77 97 40 99 47 71 58 28 57 94 24 50 21 0 94 74 78 95 26 96 25 29 57 51 8 85 59 75 53 
54 30 86 18 84 46 54 94 1 84 20 90 77 60 8 46 73 64 79 81 33 34 20 72 88 93 80 6 0 39 84 15 82 8 24 90 15 34 57 39 68 33 55 62 87 38 24 94 74 68 12 21 95 92 49 96 13 48 18 49 11 3 51 15 90 40 91 42 71 53 54 4 61 41 79 19 36 43 92 52 63 9 45 40 51 57 11 5 68 27 22 98 95 28 33 74 1 45 49 10 
72 98 55 86 19 8 57 99 74 77 31 78 27 91 34 31 74 60 98 78 40 57 97 97 46 69 87 52 96 39 79 14 81 73 70 81 43 59 2 88 64 87 97 34 74 11 16 9 47 46 2 64 42 62 61 46 60 30 32 45 14 66 9 94 34 95 5 57 25 17 72 94 4 30 11 49 73 24 41 8 60 38 15 15 73 95 52 61 40 55 87 16 84 63 16 77 8 59 38 49 
8 30 81 47 70 72 91 23 80 83 78 82 77 36 94 87 62 35 53 82 31 37 74 71 26 65 58 12 87 5 4 66 32 43 84 94 44 96 90 60 10 2 80 4 67 52 93 4 24 90 63 32 53 44 8 12 83 64 44 31 62 50 10 53 95 26 93 34 79 91 24 67 36 55 9 34 78 43 1 29 68 65 68 88 29 90 41 48 88 17 99 54 98 57 26 83 46 18 27 24 
74 63 78 86 54 82 51 20 93 44 71 92 90 23 63 14 95 33 21 54 0 75 30 21 35 66 23 79 64 8 64 36 30 23 98 63 51 77 68 94 73 35 89 27 13 56 64 62 56 44 95 16 35 50 88 23 52 29 1 24 47 58 55 98 62 31 66 15 35 2 6 7 17 73 73 39 82 52 31 68 96 4 46 48 99 83 47 10 69 11 96 41 55 15 4 21 84 60 28 94 
11 44 60 0 34 29 5 68 68 28 12 55 34 40 51 40 54 40 94 44 15 19 40 87 69 96 67 74 56 89 98 87 3 52 10 65 71 15 71 25 64 59 67 32 67 56 55 46 88 20 29 46 26 42 33 26 29 40 76 78 11 14 51 56 26 5 12 82 17 24 49 24 21 18 36 63 98 0 70 27 78 80 4 20 41 75 72 90 30 83 16 34 89 71 98 59 21 71 78 47 
68 27 57 79 48 3 15 64 4 69 4 46 28 74 19 25 13 62 19 47 92 89 53 73 37 45 81 97 51 54 32 47 27 72 38 47 44 13 77 71 69 66 66 5 29 81 22 39 98 91 71 32 29 83 4 6 44 32 43 70 37 15 78 20 70 20 4 48 30 33 76 71 52 43 30 38 97 78 13 28 58 27 57 90 39 20 97 96 37 66 56 50 59 9 76 88 19 73 67 9 
90 17 53 42 49 93 70 50 42 67 36 41 0 13 35 97 50 12 49 64 53 37 92 76 52 89 26 32 27 50 3 60 91 8 29 78 38 59 56 53 57 51 55 50 70 73 67 1 43 40 86 82 68 4 23 93 40 66 52 15 65 44 20 31 30 82 6 28 60 89 94 59 1 51 82 46 53 72 7 86 25 39 86 74 65 7 53 50 76 16 23 55 35 29 94 27 58 8 6 91 
74 16 18 47 84 93 10 7 76 89 17 3 29 41 44 84 36 67 18 28 0 71 21 54 53 20 29 84 52 81 60 25 37 11 34 38 42 24 81 95 72 80 16 46 7 43 67 11 78 47 87 14 11 0 15 37 40 13 34 78 79 93 19 68 88 62 41 53 4 56 89 27 84 45 28 73 6 32 49 5 99 20 58 67 30 90 22 80 24 49 43 88 28 64 85 49 1 98 39 50 
86 30 4 7 93 33 5 13 95 92 29 4 10 40 0 10 37 97 72 47 40 79 61 27 15 43 69 48 92 61 60 57 95 77 20 58 54 99 34 65 33 35 95 65 0 37 10 40 34 70 47 54 33 99 93 47 11 5 71 33 54 6 36 72 0 61 71 90 32 12 1 35 5 2 87 31 60 23 54 57 52 48 42 68 50 86 69 68 13 87 35 24 83 30 31 61 20 39 15 97 
31 19 57 25 19 60 25 0 27 48 26 97 5 39 37 82 16 23 27 82 40 56 57 60 50 43 73 30 36 93 87 96 26 12 19 80 6 6 45 54 9 14 56 32 38 7 91 36 98 74 98 49 69 36 81 2 36 0 58 17 19 42 71 23 38 27 33 76 54 63 31 30 89 97 38 69 82 81 50 94 65 84 45 32 35 19 67 95 61 65 46 34 30 23 3 66 58 81 16 97 
12 19 19 84 24 51 67 21 26 80 37 36 65 72 2 64 95 86 55 72 15 51 97 27 89 74 67 1 87 29 80 27 48 86 25 24 77 10 99 36 85 25 60 97 17 2 96 81 0 16 6 20 37 13 4 47 3 90 59 55 96 80 6 53 25 41 13 82 53 85 93 98 64 91 11 99 49 87 23 59 56 82 22 10 65 52 21 77 73 68 63 9 2 12 68 68 60 19 0 37 
31 33 75 31 90 18 94 84 95 77 11 70 24 50 28 33 16 10 6 42 54 90 7 99 92 55 48 32 29 88 80 26 96 53 64 54 84 42 98 45 96 43 52 29 94 18 29 70 45 13 81 34 31 75 39 13 28 81 84 9 30 5 67 37 75 25 16 33 54 92 25 97 3 26 38 18 10 10 43 17 84 29 68 17 71 32 20 91 47 72 54 99 22 93 19 78 69 5 20 94 
67 59 96 42 38 84 61 55 75 8 40 94 3 36 85 86 7 99 92 92 91 90 96 73 51 0 50 77 18 98 26 74 48 27 12 98 65 16 77 28 14 62 71 4 80 60 86 78 23 75 48 97 44 74 84 73 90 39 83 49 37 47 19 9 12 45 55 6 21 34 74 31 11 47 3 41 99 68 22 66 30 88 65 42 33 77 57 5 98 13 61 27 83 13 51 2 64 20 95 26 
18 63 9 91 73 64 18 11 21 9 41 55 60 95 65 43 87 26 19 18 64 58 74 67 83 62 39 35 99 24 10 38 75 70 0 71 96 12 15 15 46 42 27 92 74 47 22 44 14 97 38 59 63 35 93 41 10 12 29 50 38 86 98 10 85 36 1 8 73 83 74 68 13 35 60 92 20 20 23 1 93 7 50 18 96 66 42 77 39 55 3 64 61 1 73 25 47 83 94 70 
80 66 91 8 70 4 56 2 69 90 7 61 76 86 23 81 54 38 57 55 91 93 75 96 31 21 65 56 38 17 65 33 20 7 10 25 75 42 59 79 86 26 60 57 28 12 57 74 86 96 58 74 90 76 23 68 45 99 49 31 69 49 96 40 22 21 27 29 85 20 81 47 59 24 17 41 81 37 84 58 32 50 45 55 67 31 58 7 14 74 85 94 65 8 69 5 69 41 18 82 
75 23 66 98 31 6 62 85 78 24 0 68 51 99 38 2 30 63 55 72 15 22 17 77 54 61 31 78 70 37 39 33 19 73 90 96 70 62 63 12 36 49 38 3 68 75 2 11 29 55 60 28 43 7 1 31 39 92 62 12 57 4 34 85 69 49 62 40 69 71 68 4 78 68 24 34 58 39 19 57 13 67 12 79 87 94 45 62 64 26 6 95 53 62 92 28 82 28 88 0 
80 42 41 23 69 46 55 71 90 42 54 42 49 8 51 60 58 2 37 60 15 70 6 22 70 32 83 36 26 76 10 82 6 45 30 22 13 94 24 56 23 33 52 16 71 93 49 13 93 20 49 70 81 4 77 87 49 57 65 38 4 32 98 95 48 14 63 37 89 0 89 37 6 54 43 84 87 18 46 16 84 90 2 23 65 24 88 24 82 45 4 82 65 80 90 50 93 41 21 59 
50 97 76 32 47 79 5 6 50 23 78 82 46 23 62 69 37 3 84 34 56 33 22 4 96 16 88 33 54 81 26 66 55 64 76 28 41 40 64 25 84 61 13 27 24 84 50 46 77 24 69 89 12 16 53 23 58 49 98 58 67 50 91 88 5 89 76 80 44 95 98 7 52 63 56 7 13 7 67 11 42 15 51 65 86 86 79 81 86 31 51 14 91 92 41 42 43 9 66 17 
