93 36 54 30 16 37 85 14 50 53 19 45 54 33 88 97 98 91 70 87 84 27 65 95 64 74 48 79 1 65 8 55 18 68 75 96 86 72 12 47 59 69 25 53 52 48 81 45 13 6 91 37 39 61 90 0 72 51 15 52 87 19 84 0 20 43 47 40 59 15 90 23 3 95 63 21 37 89 83 85 37 43 55 5 72 28 59 61 38 4 38 92 35 28 82 49 96 93 96 74 
27 19 91 58 23 67 18 52 24 8 2 26 15 64 28 15 76 2 71 60 37 19 26 33 42 16 93 27 2 78 0 61 21 79 83 40 82 79 88 39 67 33 10 7 78 65 96 38 55 2 62 22 91 40 37 21 55 49 68 26 49 23 82 86 46 3 67 57 5 93 59 90 95 5 12 42 87 60 22 35 84 25 31 3 21 37 77 61 84 9 97 10 74 76 50 21 17 80 41 36 
35 29 61 69 75 75 10 77 86 67 22 90 11 13 12 99 98 80 5 8 21 83 67 11 36 83 91 22 19 37 38 74 13 97 8 92 51 7 74 97 50 61 92 67 29 53 68 74 91 65 56 8 27 76 62 33 52 18 79 33 47 87 55 3 63 79 63 94 9 42 38 22 39 47 80 54 70 78 31 59 87 46 20 87 42 35 98 79 29 80 1 50 2 48 22 91 36 11 5 32 
3 31 4 12 75 56 14 90 69 95 29 95 67 45 0 30 41 16 95 94 68 70 25 24 60 86 69 45 8 55 28 14 65 74 70 91 0 48 2 36 75 92 91 54 2 5 80 5 44 23 66 54 57 74 71 56 4 12 55 7 81 77 43 4 0 12 2 90 82 47 40 72 39 37 43 48 85 3 27 32 77 73 93 11 75 47 40 70 22 47 40 87 8 96 6 50 23 64 63 42 
14 34 36 62 22 39 78 21 4 42 27 22 5 89 21 12 27 70 46 10 80 58 83 34 4 97 61 19 52 98 49 19 11 88 46 26 92 89 88 24 98 50 12 37 3 43 98 83 40 85 22 35 15 89 10 0 7 22 96 32 48 54 88 25 78 81 79 3 56 51 66 11 35 23 28 55 17 52 1 46 31 27 85 31 74 97 12 5 45 82 19 34 45 57 75 36 15 50 21 87 
30 38 98 68 73 46 72 13 35 75 40 62 43 96 61 64 7 80 41 40 71 42 82 82 87 70 36 99 5 54 46 52 72 41 42 24 26 2 24 99 54 84 25 95 9 53 64 23 74 21 89 35 29 32 90 59 54 74 99 63 97 53 36 67 43 60 16 6 30 0 44 52 10 64 30 13 21 17 88 84 76 41 40 16 82 75 29 32 36 88 18 12 58 64 65 15 82 76 10 48 
50 46 13 34 46 74 29 51 90 4 11 6 89 10 83 20 59 91 0 20 32 48 50 2 81 34 15 2 98 12 75 16 5 6 85 59 79 22 61 18 88 27 91 39 92 7 68 14 71 29 88 32 44 98 19 93 81 71 88 50 46 36 27 83 4 8 6 92 0 25 66 91 13 57 2 49 9 56 44 8 27 60 23 60 85 63 78 76 35 12 31 4 84 65 17 57 83 6 30 53 
42 46 12 47 14 94 3 25 2 30 64 76 86 24 91 84 6 10 81 53 39 88 76 96 44 21 63 50 65 86 99 18 76 25 70 37 70 34 66 39 9 40 74 31 5 18 19 72 67 87 81 90 16 59 71 42 67 11 44 42 99 28 99 42 83 82 10 48 47 34 11 19 6 46 55 57 92 69 54 7 70 83 63 56 11 77 43 78 37 12 40 16 92 2 4 43 51 46 32 99 
37 45 10 12 46 53 56 38 50 29 26 30 52 37 9 95 59 27 74 95 5 22 31 61 73 46 65 15 39 60 34 19 21 80 15 84 20 76 52 98 3 83 78 33 32 93 69 14 57 84 24 70 36 8 30 33 29 23 50 79 84 9 17 36 39 14 62 21 62 7 90 92 69 73 38 28 96 12 26 95 88 21 67 32 34 54 79 60 73 90 79 6 61 59 77 14 54 47 67 96 
9 87 12 86 85 6 46 15 40 97 92 88 93 5 96 62 5 89 87 38 73 66 84 58 19 53 46 21 18 79 98 68 11 63 29 42 50 15 94 9 69 64 14 14 71 28 51 99 4 84 98 66 20 67 13 9 81 76 85 96 77 35 4 51 56 99 13 28 86 62 22 51 59 5 70 93 47 82 57 30 53 56 17 81 31 33 98 93 80 98 88 80 32 2 47 75 71 31 4 50 
1 2 54 66 61 93 39 52 65 84 52 30 21 99 18 56 13 37 87 92 52 58 85 17 42 60 8 94 93 48 10 15 68 88 58 63 68 43 29 89 32 45 89 28 11 87 75 32 99 10 40 46 12 48 30 55 57 22 84 78 66 41 35 66 79 98 58 41 11 16 48 34 41 41 73 72 3 40 54 56 40 13 37 45 8 33 53 10 49 23 49 20 37 19 83 52 17 74 55 83 
31 19 40 24 43 41 23 98 87 84 97 43 53 64 39 99 6 91 8 69 51 63 1 95 66 1 22 21 22 84 99 92 8 0 10 95 51 40 6 93 57 29 3 44 38 17 20 6 35 81 53 58 15 3 15 5 87 83 88 29 28 58 91 93 61 91 28 59 28 30 40 31 13 94 40 48 54 48 74 16 6 68 75 67 56 34 79 64 33 73 82 63 21 90 16 30 54 29 35 23 
67 32 56 74 32 8 75 47 21 95 71 98 32 66 62 61 7 36 68 77 22 92 2 85 49 32 5 99 57 69 68 72 48 24 70 67 98 82 74 1 81 60 5 7 72 30 34 71 63 58 40 4 6 35 81 89 49 30 69 48 75 71 93 22 10 53 77 45 34 0 36 41 63 7 79 57 20 33 7 35 41 70 66 85 13 46 84 76 80 30 42 48 63 44 80 61 50 20 27 30 
4 62 89 69 58 22 12 6 80 18 69 23 49 11 98 83 10 14 74 14 96 35 99 20 42 75 63 13 19 91 11 93 50 77 97 87 79 27 10 7 30 45 0 80 86 6 40 51 73 2 10 42 2 46 3 8 79 60 8 38 30 61 9 61 45 0 57 4 65 33 92 92 55 50 84 50 4 49 44 58 51 86 90 2 0 54 96 8 44 76 46 99 14 51 14 47 80 64 91 96 
42 17 90 85 82 50 1 81 88 59 10 25 68 59 73 40 78 15 5 32 49 42 40 97 32 43 32 83 81 12 96 43 62 14 88 61 76 0 0 25 6 48 23 63 55 16 82 69 19 14 70 51 51 22 88 36 99 51 56 56 48 0 28 28 35 20 86 14 44 8 23 69 17 93 45 99 49 37 79 41 92 61 15 86 74 97 17 20 88 79 58 4 22 28 80 36 26 95 64 94 
0 55 51 6 10 65 93 84 61 10 19 44 93 99 45 46 21 17 23 93 63 29 95 53 55 9 74 59 25 28 86 66 32 68 93 28 56 29 96 19 12 72 58 69 41 25 82 88 65 85 30 34 43 63 69 48 66 98 32 53 16 66 32 86 37 19 23 35 92 75 32 92 94 66 16 9 44 37 95 31 57 42 98 93 9 5 2 53 88 31 41 50 3 86 95 61 83 93 87 59 
74 61 31 11 42 17 49 96 72 26 4 74 54 14 51 52 60 41 28 88 24 53 20 14 13 26 53 53 13 49 56 71 13 34 36 40 28 59 42 30 46 44 78 36 84 0 13 3 25 49 1 56 51 54 91 12 34 52 99 40 80 27 1 45 50 75 2 22 69 75 13 47 85 4 67 26 86 44 73 36 52 41 52 15 88 41 69 17 75 60 74 91 39 80 64 23 80 19 43 63 
21 86 79 55 22 49 69 68 72 39 17 14 16 83 65 43 96 55 38 5 4 4 68 90 91 35 48 18 88 2 46 13 11 98 57 93 92 83 34 78 60 84 66 0 13 41 35 37 7 26 13 52 12 2 23 13 7 0 21 13 17 53 51 81 80 22 29 78 13 35 60 88 43 59 41 95 68 42 80 13 28 89 12 5 16 34 58 83 68 95 19 62 68 95 78 94 67 54 9 58 
61 0 58 17 56 25 56 71 25 39 95 42 8 93 78 50 87 6 44 82 94 49 10 51 0 44 67 66 61 63 43 17 5 98 91 70 4 81 33 68 87 47 56 82 66 29 28 41 22 52 71 8 12 37 26 10 94 48 2 27 54 64 77 47 5 77 37 75 70 75 51 29 83 10 59 75 67 37 68 67 8 71 70 46 59 48 35 96 22 16 87 34 9 17 21 3 76 50 55 8 
76 68 93 36 28 0 81 50 14 65 79 88 58 52 61 67 74 77 66 12 47 15 70 91 35 62 53 82 23 89 21 37 50 63 5 3 99 18 12 23 16 74 69 35 72 50 76 33 10 0 49 57 90 10 19 58 11 80 48 16 45 92 91 77 29 40 2 19 28 91 93 30 24 71 15 74 9 77 99 86 22 73 81 2 62 59 82 47 26 3 14 5 95 89 41 37 93 28 28 40 
70 7 48 94 63 4 55 75 54 9 26 60 43 61 55 57 64 84 24 57 75 65 91 21 21 3 59 6 89 29 59 57 5 87 50 56 33 2 62 43 78 19 37 37 9 75 65 96 87 65 91 5 95 20 51 3 22 18 17 93 78 62 7 0 74 74 17 44 73 40 45 54 14 70 65 21 99 35 5 3 84 12 13 99 93 63 66 65 58 47 68 65 59 52 80 35 69 44 55 42 
96 34 39 88 17 23 16 38 65 10 65 60 59 31 32 95 22 35 40 85 82 97 46 73 5 41 18 31 41 30 82 18 89 81 79 92 64 64 87 30 37 11 3 90 43 54 10 73 6 86 9 48 66 37 72 52 96 12 29 92 3 31 0 24 81 56 3 20 94 79 87 63 12 26 74 12 24 7 90 28 8 82 73 5 41 65 79 27 19 25 18 62 19 71 92 35 7 43 46 58 
32 12 74 19 1 91 34 23 83 48 95 13 37 63 69 82 64 39 49 74 70 89 23 48 48 3 90 12 76 7 72 99 62 33 22 67 49 19 2 51 20 92 67 64 36 47 95 37 15 79 16 57 51 55 13 4 2 74 41 71 4 22 48 3 27 80 85 98 83 34 0 64 62 20 61 73 94 68 49 0 29 31 91 92 71 19 25 8 54 28 79 76 50 79 72 1 24 44 73 22 
97 2 11 61 94 71 81 16 70 34 29 37 34 9 37 14 81 90 93 53 36 1 15 83 11 3 75 95 44 54 69 33 27 41 55 83 56 45 15 57 1 99 65 16 15 80 36 80 70 87 19 58 31 94 9 31 90 76 86 55 32 57 44 16 87 38 81 75 47 6 67 11 27 61 51 43 80 13 79 98 73 6 33 21 84 98 41 45 36 49 67 54 60 1 52 71 26 33 3 11 
23 79 21 83 99 32 17 60 96 99 78 64 92 24 1 36 62 38 3 73 0 90 43 4 55 95 24 54 38 7 70 7 30 15 77 61 5 30 54 81 52 62 57 94 7 28 22 73 58 29 36 47 43 76 74 48 1 42 80 40 55 51 62 85 37 31 20 89 79 93 90 16 27 50 24 55 71 82 24 98 88 47 98 87 33 94 89 40 43 38 16 59 53 70 24 95 74 66 80 94 
54 96 80 54 62 44 35 36 80 31 35 51 23 68 62 64 77 81 6 30 13 75 48 57 43 14 34 31 93 92 38 26 81 28 50 46 85 83 98 78 1 62 83 78 27 25 17 72 23 79 86 75 2 42 40 35 13 9 69 19 34 5 27 55 42 92 55 86 79 68 33 74 7 75 28 22 89 81 1 53 64 46 82 35 23 54 5 49 28 27 74 92 64 2 89 66 97 32 83 32 
88 62 76 75 17 46 94 66 53 24 0 8 28 50 17 70 15 19 1 38 56 18 20 13 39 2 86 71 47 72 23 49 13 21 48 12 84 0 41 95 54 43 16 20 18 37 74 47 7 78 41 64 8 12 82 24 40 53 28 61 0 81 57 5 78 65 15 40 76 36 57 65 85 17 3 95 15 97 75 68 19 30 86 5 33 12 34 95 7 35 9 54 71 38 6 36 66 75 30 32 
60 66 98 99 30 86 24 23 35 1 71 3 26 36 6 98 22 39 47 3 67 53 4 48 48 36 86 13 46 58 58 48 48 15 85 95 96 55 30 49 5 62 10 61 64 50 63 27 76 20 25 96 73 7 33 32 29 9 82 82 18 18 14 68 62 50 72 15 79 86 87 37 57 39 76 54 91 58 27 32 98 31 4 22 0 59 71 46 15 7 8 21 64 88 61 60 91 84 13 28 
4 42 74 3 0 0 16 61 88 39 88 72 37 89 20 0 85 67 40 50 53 22 78 79 99 59 81 39 6 75 22 38 15 8 87 51 14 29 13 36 30 66 17 29 13 24 73 20 83 46 11 91 93 24 70 76 89 19 33 82 76 93 53 85 15 66 38 4 54 19 8 29 10 74 66 33 53 47 95 40 11 13 68 3 27 95 66 67 27 16 96 45 88 85 20 81 33 27 87 40 
17 5 50 1 19 59 70 37 26 75 54 57 9 38 48 4 88 31 8 10 60 31 32 76 60 76 73 37 84 64 78 53 38 8 15 8 31 14 15 12 7 74 46 35 36 96 1 35 16 98 42 67 97 99 80 71 88 37 91 38 45 7 4 59 62 82 79 49 18 90 32 84 45 87 4 41 49 44 92 88 58 18 7 3 1 89 32 17 45 84 86 36 16 54 35 96 5 6 83 58 
38 35 73 31 99 66 86 49 91 80 5 74 3 50 47 86 25 28 96 83 39 42 5 23 16 93 64 51 94 93 69 69 40 25 34 19 98 80 21 97 99 87 5 26 10 35 66 88 16 40 93 98 89 50 26 23 29 75 64 67 57 5 42 23 98 65 28 30 82 72 6 98 28 49 2 65 52 88 40 48 43 41 61 35 52 56 56 31 25 80 53 5 40 17 43 60 76 18 85 36 
62 62 63 0 31 75 62 93 37 73 37 43 98 80 53 61 63 56 8 48 29 80 37 49 16 45 75 96 98 80 50 63 22 51 86 18 80 4 59 3 48 62 29 58 32 96 73 59 59 23 52 42 32 79 66 31 12 85 5 10 7 4 15 85 59 18 30 74 6 32 23 6 77 76 52 71 86 25 74 0 56 40 29 17 39 6 10 6 18 14 7 88 7 73 93 36 73 19 18 90 
29 24 28 0 21 42 75 70 91 32 86 73 41 36 79 17 85 21 84 16 38 16 12 52 91 31 38 30 4 55 8 95 31 35 32 35 88 4 64 81 68 40 27 22 74 17 38 86 60 74 55 87 81 21 20 59 43 87 60 36 34 4 51 49 45 45 10 16 89 15 52 62 32 69 95 79 93 1 47 71 80 15 5 68 30 39 99 72 38 72 14 13 54 25 67 20 66 70 50 99 
45 6 40 74 52 68 72 56 71 20 36 89 82 19 97 58 11 89 45 53 9 82 39 3 58 19 8 11 76 15 24 96 84 17 54 85 24 48 53 92 63 12 11 96 30 91 11 79 85 36 22 72 11 42 89 68 18 68 26 60 83 83 20 2 73 5 28 31 95 77 49 76 54 99 70 16 75 30 7 70 26 91 94 31 57 35 67 25 12 95 37 9 88 35 6 34 88 33 56 16 
78 24 90 16 47 45 79 40 30 96 65 90 46 6 21 72 18 9 93 74 89 5 89 3 79 30 34 97 78 45 32 83 36 80 51 8 12 24 5 70 94 9 41 52 97 49 63 35 23 5 98 7 11 44 30 26 67 52 72 45 67 98 51 9 26 69 92 68 61 58 76 0 60 22 48 56 42 97 48 38 56 93 68 95 78 6 41 93 24 17 36 86 18 91 69 10 63 39 53 95 
15 10 23 71 76 10 72 21 77 5 33 28 92 36 2 4 62 63 0 62 12 34 27 86 36 0 45 70 52 71 90 14 34 25 40 87 49 82 90 85 15 73 76 92 0 27 81 12 78 61 85 55 80 38 55 91 32 50 5 45 52 4 11 98 53 58 22 23 75 4 23 42 4 14 35 51 67 20 67 88 46 62 6 33 39 29 86 70 95 7 68 91 84 39 68 40 13 41 29 29 
44 6 73 69 99 51 28 33 10 98 41 52 63 6 41 96 55 0 98 79 48 18 58 35 92 38 34 23 97 18 53 83 65 44 98 98 29 84 45 66 0 1 63 79 65 75 28 7 16 38 53 26 92 72 28 74 7 60 59 46 62 46 50 6 41 4 96 13 1 62 72 81 98 38 78 31 27 63 77 40 71 59 93 39 3 71 96 76 54 54 12 64 72 24 13 86 30 0 21 53 
24 40 63 15 59 40 44 86 2 46 27 1 60 8 12 65 96 30 47 45 16 38 46 50 62 33 28 15 84 39 71 76 17 54 1 5 92 67 3 13 81 38 81 99 42 24 17 6 24 5 1 52 98 51 23 64 80 27 16 20 76 26 64 92 73 85 2 93 65 44 13 96 61 37 45 46 70 75 99 48 86 33 39 43 27 65 61 54 44 76 34 35 37 24 63 98 60 91 82 23 
1 54 80 43 81 50 54 94 55 54 96 0 51 29 43 28 60 9 23 84 11 60 64 90 57 25 84 78 17 11 57 77 85 41 58 45 90 30 12 95 98 51 31 53 62 85 27 56 73 77 20 41 52 69 92 26 13 86 87 35 24 90 39 5 20 82 53 52 8 72 51 36 55 21 8 89 40 6 5 15 33 92 18 30 4 73 36 14 43 85 52 95 71 58 76 60 71 76 16 58 
94 52 39 78 77 73 79 42 9 7 87 92 32 99 92 11 86 88 78 68 75 37 39 64 88 50 76 35 26 19 51 20 85 90 41 49 32 17 12 29 0 12 20 81 88 12 70 96 16 68 65 66 25 43 92 39 75 82 87 87 28 72 42 5 56 51 87 81 21 88 60 58 90 98 79 40 6 2 92 85 90 55 12 26 67 5 35 72 45 83 49 15 13 85 21 43 56 78 74 73 
96 50 53 21 22 76 74 38 17 70 50 25 81 28 33 66 4 50 9 63 81 24 71 17 6 41 4 8 76 23 98 35 68 96 8 98 20 78 12 7 7 43 52 93 65 16 39 42 22 2 72 35 76 90 95 31 91 81 23 2 13 55 56 37 38 45 89 20 46 40 33 18 56 45 86 78 93 54 6 16 70 46 93 29 94 7 59 95 75 43 58 7 7 49 38 24 65 46 9 72 
2 83 77 13 1 92 56 89 90 94 78 14 83 93 97 9 74 17 69 18 55 90 37 27 33 93 38 12 66 41 30 26 96 34 48 2 66 33 82 93 87 96 31 6 57 83 50 55 65 4 63 79 86 86 72 88 47 56 15 49 81 4 98 42 81 34 50 34 2 7 37 41 61 65 5 22 14 53 74 3 86 98 43 28 81 16 92 0 42 81 24 90 73 98 40 96 81 34 19 89 
50 50 67 0 88 20 8 71 92 98 36 73 66 73 79 15 76 31 71 25 18 92 23 92 31 20 27 19 59 98 24 91 9 59 9 31 59 90 45 92 59 78 51 72 72 80 38 29 30 75 67 49 50 90 67 15 66 57 57 28 56 34 99 28 0 93 80 74 66 45 18 67 40 46 21 97 81 52 88 62 95 89 54 5 87 86 8 87 83 61 65 63 51 63 41 91 2 4 43 61 
14 7 0 74 51 81 61 92 77 96 61 42 81 4 90 20 17 72 2 76 5 9 11 80 97 80 87 45 20 41 45 8 11 4 28 30 27 95 31 93 83 32 53 65 49 84 46 68 3 84 97 18 53 8 63 23 89 61 95 90 82 47 52 50 40 78 0 59 32 56 15 20 64 92 64 66 26 86 73 11 17 35 81 84 98 26 45 20 28 63 99 94 3 26 7 76 26 47 18 17 
20 33 5 44 23 53 54 50 22 29 13 66 36 16 2 83 41 27 57 90 90 17 93 61 59 79 69 30 69 11 81 64 0 17 45 94 9 70 19 89 9 57 13 69 12 32 8 27 38 68 51 34 90 31 39 2 52 97 52 40 4 8 20 95 43 97 63 82 73 40 19 27 48 47 45 8 36 29 15 0 0 68 63 76 84 62 28 26 3 36 79 54 11 96 1 47 3 23 99 40 
76 41 82 12 90 33 89 59 77 33 3 18 32 76 41 24 5 8 56 17 27 80 58 7 79 6 51 88 64 74 46 56 18 64 65 91 81 49 77 81 7 52 85 68 61 98 18 9 57 16 43 59 26 42 13 20 0 79 34 90 67 55 42 33 42 74 90 54 82 19 93 91 73 97 35 43 72 40 8 45 84 7 16 40 64 61 17 38 9 6 42 65 8 68 76 65 28 49 51 19 
88 30 33 89 95 64 35 71 40 66 40 2 72 83 29 83 26 70 56 50 15 83 3 56 74 40 21 62 69 48 34 15 44 98 41 31 6 57 91 48 66 2 27 33 48 23 6 50 56 67 67 7 33 90 9 12 10 31 27 89 25 3 93 69 57 31 14 89 6 29 45 42 6 70 31 14 46 16 97 3 85 74 38 76 20 84 16 21 51 58 0 33 35 94 82 83 21 38 94 58 
6 70 71 56 75 86 94 40 6 64 91 11 73 47 70 76 40 96 48 3 58 68 55 64 44 46 87 55 56 14 74 51 23 59 43 32 41 60 43 25 78 49 4 9 2 28 45 48 96 7 61 50 78 69 59 72 36 63 91 58 39 23 63 36 48 41 64 44 37 66 17 3 83 27 56 71 42 63 65 52 0 39 44 57 56 65 62 2 38 23 46 0 38 86 51 65 14 50 74 5 
47 71 10 95 84 69 28 7 57 88 76 68 37 94 15 22 20 53 63 18 82 52 0 61 76 22 12 78 24 57 73 66 15 68 25 9 18 55 2 31 0 65 76 96 3 20 28 79 93 92 42 4 77 53 33 85 70 43 33 34 95 51 97 13 39 16 18 37 96 45 92 20 14 24 80 87 61 39 33 65 19 39 95 64 3 43 61 91 59 22 85 15 79 91 14 68 14 99 93 94 
36 76 12 33 36 17 79 82 88 21 16 56 72 5 66 53 83 12 28 0 40 26 22 51 3 21 92 56 86 29 2 78 30 63 40 89 58 26 55 73 64 82 55 59 41 70 15 49 10 67 14 36 32 87 79 27 4 61 27 73 27 15 81 11 11 66 55 47 27 97 99 4 76 12 4 24 81 38 22 46 23 89 27 91 80 29 40 82 89 76 51 83 3 60 14 30 19 57 64 69 
84 1 55 43 56 49 74 33 66 10 75 28 31 40 79 97 56 5 5 42 43 41 29 22 63 61 34 63 1 53 13 85 92 71 11 5 73 8 77 39 92 81 83 65 86 91 79 85 47 62 90 85 53 44 55 61 89 8 55 53 78 49 41 32 40 70 75 32 39 50 93 98 52 72 36 80 79 26 97 93 74 9 59 77 20 18 90 41 81 24 10 2 13 50 56 45 40 86 71 78 
69 10 66 37 26 1 39 44 74 42 11 59 8 85 92 68 47 6 63 74 31 22 44 60 7 75 62 34 27 71 35 56 24 8 4 18 49 14 81 90 81 42 55 91 14 86 53 26 48 64 64 72 22 80 87 32 4 16 31 41 93 6 88 97 35 36 51 7 86 87 96 98 41 46 71 71 47 40 19 13 40 25 19 87 26 69 17 78 55 17 35 15 24 62 0 51 75 67 15 5 
20 18 6 36 81 51 57 46 52 68 16 71 17 0 19 38 44 53 92 41 16 63 42 72 57 43 20 56 60 52 0 52 60 41 78 59 58 96 87 35 0 21 22 98 15 45 20 51 60 96 90 19 20 49 89 0 95 14 85 1 41 52 14 88 41 11 59 41 75 69 60 91 85 75 59 8 73 29 9 84 89 19 34 30 39 84 6 86 23 98 9 30 14 42 62 92 20 17 87 8 
10 98 8 74 56 39 5 74 40 31 8 66 32 6 0 43 52 86 62 92 24 83 26 7 48 6 10 13 45 6 73 77 43 60 99 12 87 76 46 51 72 75 36 64 16 67 8 18 80 89 90 80 32 50 47 80 55 40 31 68 87 54 49 80 99 75 97 69 46 18 56 81 0 61 45 48 26 12 97 31 51 1 84 83 7 74 3 52 82 53 94 43 43 98 59 36 78 73 98 12 
88 54 22 62 92 6 19 56 1 40 89 77 31 8 10 69 70 95 72 80 54 64 62 62 32 36 35 87 15 0 66 78 58 3 79 75 29 33 42 97 74 48 52 41 31 44 62 77 61 78 17 72 3 69 70 55 31 31 17 59 91 75 61 75 96 77 49 56 27 47 62 51 1 94 72 60 33 85 34 17 79 81 46 24 68 44 16 16 7 68 1 97 94 30 11 79 29 52 63 93 
45 27 60 98 29 97 82 88 26 85 89 99 49 31 51 52 25 78 31 14 21 1 27 69 46 78 76 70 73 65 5 30 52 1 50 90 59 38 98 1 9 46 15 72 82 41 8 55 99 3 42 49 20 37 19 26 86 6 81 31 41 11 75 58 52 37 77 14 22 59 88 97 19 43 72 20 19 57 5 91 14 93 15 97 77 52 86 74 88 15 16 15 97 51 53 94 59 88 54 31 
67 63 97 22 67 69 84 99 20 86 82 98 5 70 41 66 56 47 14 71 65 83 71 46 32 72 3 74 96 45 55 65 37 14 23 13 6 55 7 64 36 29 27 73 81 69 48 35 44 49 9 30 76 0 0 48 27 22 6 50 93 80 58 16 65 9 44 59 63 49 93 44 79 48 44 95 25 99 60 54 54 50 57 15 50 69 61 17 21 77 20 98 83 46 37 84 75 99 54 65 
39 39 66 3 82 1 86 34 58 82 2 73 53 35 28 46 90 67 36 85 75 10 90 9 45 34 34 4 14 0 99 30 42 62 10 41 69 8 87 8 80 20 64 49 34 51 4 58 9 53 79 87 77 20 45 32 28 52 52 86 86 93 2 32 51 97 9 62 55 47 96 90 26 25 67 5 48 6 87 45 58 63 77 28 34 35 55 99 59 84 99 36 21 81 38 41 91 36 84 38 
13 28 82 76 8 20 35 39 68 37 28 81 30 10 42 84 50 44 46 66 67 27 10 71 36 64 33 7 89 16 81 44 71 55 60 78 79 73 53 13 94 7 55 99 25 53 94 99 15 98 92 5 27 88 23 71 78 38 58 75 18 84 17 29 16 58 57 28 99 64 39 96 45 44 84 83 50 96 45 84 78 9 47 7 84 52 73 55 45 60 33 36 53 65 73 41 92 31 23 13 
35 86 79 24 2 0 43 68 53 19 43 29 46 18 50 54 26 82 28 48 93 81 98 4 47 97 59 32 68 61 85 38 92 38 91 73 0 92 12 80 56 83 0 16 13 92 85 8 80 54 53 75 75 82 37 13 60 30 25 58 68 97 86 63 22 4 89 18 0 63 83 93 20 59 28 38 35 95 55 58 83 88 14 62 27 70 54 48 55 55 46 10 75 50 56 0 76 40 56 9 
21 86 0 4 16 96 71 55 57 51 78 75 74 81 8 9 12 45 97 49 72 13 65 17 30 92 2 81 86 19 71 92 4 92 55 29 54 88 6 31 79 81 21 17 6 44 67 86 18 75 34 8 29 51 92 11 96 24 48 89 21 89 16 56 80 45 56 4 18 41 39 29 28 64 32 62 66 30 20 95 91 49 82 73 43 33 2 60 26 72 34 98 93 76 34 89 74 65 92 16 
1 71 11 22 20 45 75 44 87 37 25 46 29 90 35 39 45 64 35 68 68 63 16 66 17 18 37 19 66 73 1 10 67 9 99 82 97 59 67 77 8 11 80 81 92 10 75 95 37 26 95 42 89 10 67 2 22 98 1 73 91 12 73 15 55 90 69 17 20 38 66 33 39 40 7 48 65 22 64 77 95 86 22 60 81 63 37 37 3 45 34 52 14 90 42 8 14 37 31 39 
80 42 85 38 1 90 0 65 19 61 80 45 68 13 20 68 97 61 31 57 37 61 44 24 18 76 30 96 95 11 84 31 23 28 52 34 52 7 81 87 51 95 81 75 84 61 89 19 9 72 34 64 68 69 72 93 80 33 35 30 95 86 31 47 49 43 44 87 96 78 8 33 53 85 13 66 38 61 2 97 84 29 12 83 19 58 56 3 99 53 43 17 49 14 42 37 87 99 15 43 
4 8 68 68 32 18 99 35 70 53 21 25 75 23 83 90 50 74 33 29 0 56 85 54 98 93 48 30 21 69 11 43 61 40 49 52 61 46 78 55 94 90 15 64 97 6 9 81 30 64 8 89 99 23 77 21 62 65 49 18 26 88 51 6 55 66 71 85 31 14 8 11 96 3 17 11 19 27 40 40 71 60 83 65 31 30 15 50 28 49 77 32 99 16 6 46 81 87 18 2 
95 28 60 86 36 36 21 64 69 29 39 34 20 71 92 78 29 79 79 29 29 46 28 42 31 78 34 21 11 17 74 45 25 91 54 75 51 74 61 23 98 16 49 88 70 80 69 20 76 40 97 65 36 94 98 82 35 25 70 16 90 83 91 20 20 32 26 25 80 84 96 98 47 20 32 10 85 19 80 50 85 36 13 83 62 20 15 61 82 5 98 67 2 18 49 40 36 41 28 41 
9 42 21 27 83 2 99 64 36 33 91 65 55 23 55 31 58 53 39 55 65 90 53 94 6 40 96 52 86 5 29 47 59 5 30 92 63 54 74 62 3 4 64 34 47 86 95 41 21 71 99 11 72 85 85 41 35 72 81 78 42 4 43 51 28 4 14 39 66 54 33 7 7 35 30 23 8 68 25 65 82 97 17 47 42 21 61 35 64 54 46 68 95 15 3 48 20 83 33 53 
97 16 64 89 8 99 85 41 12 10 54 74 86 63 18 45 44 23 94 57 38 35 72 84 66 5 90 88 82 66 75 53 51 47 7 46 73 54 53 95 20 10 68 30 13 50 27 98 33 78 14 75 49 74 68 84 30 42 34 73 31 22 64 33 81 15 18 75 11 63 30 67 90 34 72 43 18 45 62 98 58 2 34 45 88 43 76 33 52 19 80 56 95 94 88 19 31 81 66 87 
37 7 8 71 98 38 19 78 34 52 13 73 58 3 82 39 28 59 6 98 24 23 57 49 41 7 99 76 32 72 69 88 76 72 43 60 47 72 80 18 64 48 67 54 94 22 35 84 76 85 29 17 25 2 8 75 9 96 85 36 77 5 96 60 92 29 91 54 62 18 70 5 85 60 75 79 86 90 19 61 85 93 20 96 60 37 56 20 81 41 30 3 45 26 0 12 20 19 45 12 
27 20 91 93 49 88 55 50 77 3 44 38 78 0 17 44 92 31 47 82 46 66 19 16 45 45 43 4 72 68 55 64 49 76 26 96 51 80 58 44 35 82 96 35 88 68 23 9 6 52 68 50 34 8 66 53 4 34 11 16 1 11 10 40 92 20 71 8 87 61 32 37 85 46 53 56 54 40 42 7 45 29 27 96 49 82 56 92 75 87 30 48 35 60 63 73 13 11 41 13 
34 70 93 44 43 39 33 96 57 33 10 21 78 17 44 16 35 80 34 82 38 66 50 51 5 8 96 3 24 70 66 17 72 52 53 51 12 70 10 33 49 45 59 45 60 36 23 53 75 7 14 11 60 58 66 98 52 22 63 2 60 12 57 42 56 70 24 8 93 37 35 33 25 51 89 33 76 30 84 45 29 42 74 98 98 12 54 49 60 18 11 82 50 81 75 98 83 92 54 8 
70 75 44 49 54 4 68 50 30 44 63 74 30 81 61 37 35 39 74 16 48 53 87 54 77 49 62 47 20 34 83 79 22 37 89 84 43 34 25 60 85 9 76 49 18 29 15 22 12 79 2 63 12 66 9 71 50 49 11 5 80 93 92 80 17 13 34 0 77 51 90 98 62 94 23 94 72 69 79 86 92 96 62 77 57 5 52 17 69 8 62 42 79 40 51 49 48 82 63 39 
79 79 92 70 4 53 53 56 49 61 63 61 64 87 62 28 59 62 32 84 21 50 40 81 76 23 69 52 99 53 40 35 14 12 28 14 80 44 96 1 76 13 38 55 71 7 22 74 37 10 89 96 22 28 47 29 3 7 55 30 41 96 13 70 85 96 88 11 49 79 33 79 90 74 44 39 18 77 82 92 16 64 3 48 41 17 72 15 33 63 11 59 75 46 10 48 5 55 34 73 
28 68 61 95 67 7 53 59 29 40 62 81 27 21 14 9 42 93 88 55 46 11 43 83 20 92 75 63 62 19 88 83 57 17 54 77 90 53 69 93 55 36 99 59 11 16 62 80 40 25 78 49 29 12 54 85 89 60 5 89 79 2 44 99 31 58 42 32 51 30 61 94 5 37 7 60 16 69 23 62 48 76 9 52 43 41 11 51 86 29 38 92 61 60 89 39 74 85 32 62 
47 69 63 81 74 72 91 77 61 40 1 70 98 70 67 6 92 50 84 67 38 79 36 86 79 59 78 0 63 88 84 81 18 75 76 44 55 0 32 86 74 6 69 11 81 28 83 37 83 4 40 26 94 15 5 44 82 13 33 10 2 82 69 62 43 38 1 41 23 5 29 51 92 82 93 0 9 65 4 26 0 78 43 23 29 40 35 53 62 45 73 69 51 48 45 61 11 21 0 5 
51 40 61 52 59 32 79 90 91 89 96 73 0 24 93 88 75 46 96 59 46 92 82 80 92 25 51 90 13 32 74 32 67 44 26 28 22 97 61 33 55 4 38 33 83 74 18 87 90 26 10 88 38 1 80 81 68 81 39 76 18 60 52 58 86 21 35 0 74 64 73 21 20 43 58 12 16 73 82 62 52 62 48 57 51 28 15 82 77 44 45 72 70 36 29 91 52 7 15 44 
47 97 45 81 31 33 0 68 16 40 45 15 65 5 94 2 69 77 4 60 7 43 89 79 84 4 64 70 31 59 12 56 44 37 79 43 87 95 57 50 34 8 3 91 26 92 16 79 83 65 25 31 40 25 71 55 49 52 19 41 12 68 49 84 45 39 70 5 81 80 71 90 31 55 49 37 51 29 98 28 62 83 95 14 77 43 8 72 96 81 21 86 10 51 34 63 3 67 82 40 
97 32 31 71 7 3 73 71 15 79 36 44 77 67 90 63 48 67 30 64 30 35 26 89 27 19 91 15 82 65 75 20 38 91 13 3 5 20 32 43 86 35 82 76 45 70 91 36 37 4 86 9 30 68 90 72 27 44 92 14 45 54 45 52 68 58 38 8 6 48 51 10 90 15 96 92 18 15 72 26 52 51 41 13 81 50 37 58 63 94 26 21 37 1 52 86 44 60 76 99 
65 13 84 32 36 37 26 80 59 10 11 65 60 2 37 94 42 92 55 42 43 34 95 51 73 51 52 0 42 57 81 40 14 83 53 5 67 77 33 80 73 4 83 21 17 44 4 28 82 87 64 53 34 19 52 70 42 91 5 83 65 34 23 19 91 36 9 92 77 74 27 51 99 92 59 29 72 93 52 77 9 65 84 27 61 37 34 0 8 21 67 87 6 70 52 4 6 98 39 62 
18 92 33 42 57 46 13 30 29 61 39 55 2 44 99 32 71 33 87 46 10 89 26 40 13 73 3 86 11 37 29 56 67 27 96 85 73 87 52 68 83 53 8 32 86 48 94 75 37 82 49 36 24 52 39 1 29 48 56 78 31 99 94 12 60 36 2 36 77 74 12 55 87 37 15 90 88 79 83 66 22 88 30 50 3 9 56 4 50 57 10 8 2 78 82 42 20 34 61 99 
9 15 29 7 16 39 0 74 13 51 51 51 79 84 64 88 75 40 66 47 65 63 15 96 63 77 77 96 64 1 60 33 14 62 71 12 7 53 83 75 72 24 11 79 20 61 98 33 39 6 18 35 22 15 30 9 94 77 23 88 95 77 2 20 48 48 6 89 15 26 36 43 50 68 42 2 12 7 23 62 68 74 30 75 88 99 35 73 85 4 68 76 46 99 9 90 70 12 2 31 
89 75 43 40 39 33 23 43 11 71 21 63 78 24 52 81 92 58 90 62 97 65 56 46 36 95 48 96 16 75 23 2 37 38 76 23 38 11 32 60 70 64 83 52 24 17 99 95 17 29 40 41 69 73 99 26 10 55 71 77 96 99 33 34 86 54 83 96 19 8 12 15 29 58 85 25 34 56 83 3 72 46 7 26 75 90 38 82 36 69 10 91 92 98 96 58 25 84 64 19 
32 6 38 73 84 53 19 1 81 21 51 91 57 39 68 17 35 55 15 45 41 80 49 48 60 24 41 84 29 54 35 4 62 68 20 34 53 78 89 86 73 8 49 47 27 96 43 5 38 84 39 50 42 1 52 50 33 8 30 14 3 19 29 50 8 99 97 37 19 88 87 2 29 86 20 33 94 99 41 99 52 6 15 6 10 66 31 79 46 30 89 97 2 59 88 42 68 50 41 24 
16 4 49 62 74 74 8 43 0 30 80 60 48 28 13 85 78 9 50 71 48 42 44 45 79 19 78 52 22 49 24 69 5 0 64 29 39 97 89 11 2 97 66 69 7 34 75 2 33 58 22 20 91 13 53 10 74 2 41 72 19 72 50 89 33 23 66 89 33 30 36 71 55 66 49 29 16 21 68 39 88 64 69 68 66 53 7 43 82 8 39 46 83 36 88 32 76 70 40 44 
36 21 55 28 0 35 99 27 4 96 27 14 47 47 73 13 10 21 61 69 91 66 47 37 13 4 72 54 68 75 55 51 67 66 19 89 72 96 99 70 38 11 22 81 69 15 88 37 62 82 5 49 83 95 88 66 81 85 71 43 26 29 25 54 54 6 32 36 93 67 12 19 95 98 52 65 38 77 56 45 39 82 26 76 23 15 72 2 1 97 50 90 1 16 16 49 2 92 67 15 
79 98 56 90 59 30 49 29 95 64 99 92 29 80 76 53 42 70 54 66 90 74 75 28 27 21 74 20 19 88 22 43 35 64 62 47 85 30 77 36 40 40 91 88 95 45 7 15 54 33 38 41 47 24 76 89 32 18 97 34 88 67 35 8 57 70 6 46 6 95 36 85 28 61 19 63 9 88 3 33 67 7 44 18 2 65 83 73 1 14 64 16 34 84 72 34 64 47 20 26 
93 0 18 49 8 48 82 98 80 37 48 84 14 21 44 84 67 99 26 88 42 70 35 74 21 67 99 81 1 55 12 80 59 1 87 68 80 45 38 29 96 92 58 12 51 66 54 40 23 2 63 41 22 52 86 36 56 93 47 80 35 50 42 20 23 62 3 86 75 26 18 12 12 38 13 33 57 26 42 42 62 28 24 77 30 79 9 86 83 17 47 64 23 49 55 14 78 64 27 15 
77 97 6 23 65 98 26 99 68 17 93 34 79 79 0 12 13 68 80 23 55 67 29 69 85 63 37 14 27 26 13 70 27 85 34 21 26 12 11 97 14 48 37 43 47 30 83 30 76 66 55 5 36 23 20 35 88 64 97 23 43 16 90 41 61 19 50 55 76 61 77 52 45 22 87 55 9 6 61 19 47 77 38 70 89 6 16 38 1 21 24 3 42 79 11 82 2 17 18 93 
39 4 69 24 69 71 76 0 86 74 58 70 13 69 53 47 27 16 9 57 7 29 20 32 15 6 66 18 63 29 83 23 74 49 98 13 55 88 14 3 38 78 30 77 14 39 68 83 29 95 59 41 54 45 43 39 23 97 77 12 84 67 7 53 18 45 67 83 90 60 31 40 32 10 61 2 20 78 72 48 20 33 54 42 76 87 91 11 5 65 95 62 91 66 99 42 82 87 22 73 
91 71 1 3 40 39 39 14 20 38 63 60 64 65 55 48 67 5 50 54 38 69 7 38 7 26 88 71 82 15 66 89 94 98 18 39 79 44 16 48 65 32 26 92 64 3 80 87 75 70 55 22 41 9 63 77 6 75 12 40 12 78 38 41 62 80 57 85 73 17 41 46 56 71 62 72 64 36 18 83 9 87 85 29 7 34 14 55 25 38 65 37 34 75 8 42 80 17 74 61 
81 27 32 50 60 87 18 80 53 99 58 3 32 55 42 37 4 3 76 16 87 61 49 66 88 10 47 7 91 6 8 7 76 89 71 6 27 17 57 48 55 72 82 80 2 30 5 62 3 84 29 40 41 95 58 22 55 71 91 58 64 1 49 51 2 95 36 64 37 16 61 63 69 48 11 86 28 69 2 78 53 25 21 78 58 9 91 83 23 55 4 81 91 89 0 4 42 50 77 40 
23 8 25 62 72 94 62 61 16 86 13 71 9 23 64 51 71 9 72 47 83 69 22 37 83 15 13 68 56 69 36 60 45 74 56 41 44 58 50 48 58 59 98 55 0 13 70 83 99 54 32 3 39 34 77 54 48 89 93 29 77 44 27 46 18 25 52 76 71 33 22 97 74 60 33 88 29 44 83 34 87 5 25 19 1 13 66 64 83 10 18 92 45 48 25 96 15 65 20 99 
88 54 28 54 2 88 79 23 73 10 80 68 71 13 18 22 83 50 19 35 8 78 93 17 39 64 6 40 67 30 52 29 93 73 47 8 45 3 6 27 52 85 99 16 74 94 91 25 9 33 65 38 34 50 98 83 16 20 77 79 95 13 52 72 67 47 55 15 57 65 39 90 53 85 85 16 48 88 44 57 44 27 33 14 62 81 98 56 3 89 80 84 11 5 12 18 93 14 32 98 
51 55 19 54 44 36 43 6 67 68 90 4 59 75 81 75 51 19 71 54 69 53 54 97 18 91 69 44 96 93 86 91 66 20 96 80 98 16 43 63 60 97 23 2 67 1 71 1 18 41 15 82 25 79 35 28 40 81 9 81 7 9 61 24 30 0 44 52 95 73 59 98 18 4 56 77 88 70 93 76 3 50 40 32 20 36 96 90 62 53 69 15 35 36 29 98 61 32 13 2 
22 37 26 61 19 75 49 72 45 61 37 19 69 46 40 47 14 78 39 35 92 7 34 80 59 57 98 53 37 11 5 85 8 50 79 70 63 28 79 18 43 62 26 56 5 58 89 61 2 68 97 15 61 5 70 69 69 0 41 97 54 97 71 11 21 63 20 46 47 75 36 96 21 9 16 45 22 41 13 56 93 14 38 53 26 9 27 58 22 74 60 73 73 7 42 38 36 41 48 81 
55 18 62 46 96 83 26 83 57 43 87 37 30 69 31 11 31 71 71 43 24 62 28 98 42 92 0 15 37 59 31 3 94 27 11 55 56 71 78 69 69 13 99 28 70 64 38 83 47 5 48 40 83 28 78 57 96 92 76 74 81 69 65 76 29 66 25 1 96 78 55 73 43 22 53 73 4 75 25 34 66 21 89 52 50 13 80 36 67 11 82 70 0 72 14 67 83 89 23 46 
88 15 9 33 18 6 37 99 1 91 54 68 77 91 69 68 82 4 68 91 9 18 14 9 97 42 74 13 37 14 73 71 77 10 25 27 63 93 87 60 5 7 55 56 52 45 54 32 43 29 73 84 63 36 48 85 21 1 73 90 26 24 63 48 15 63 13 96 98 8 55 90 63 3 86 76 90 13 19 36 39 1 94 45 0 90 44 43 55 49 39 6 47 92 92 29 25 91 26 59 
2 38 9 78 0 0 45 2 84 50 20 32 17 3 61 7 42 94 78 83 28 97 65 9 84 53 78 26 44 53 8 99 80 64 65 67 79 97 87 19 77 5 1 87 95 3 5 74 5 94 75 24 8 65 41 46 80 39 20 30 75 54 40 71 91 92 88 55 4 38 72 11 10 57 18 23 70 10 54 86 98 30 5 72 34 21 93 6 68 42 67 90 67 40 64 1 56 96 92 88 
21 47 56 98 10 78 43 46 5 10 68 51 49 69 26 17 90 10 75 78 71 51 45 10 44 41 26 15 50 4 6 36 84 25 95 71 31 36 64 85 13 6 7 80 45 39 40 40 34 23 45 87 38 45 3 42 97 29 0 9 70 78 79 53 49 83 77 91 46 96 86 87 41 7 95 59 99 32 36 73 59 60 21 28 72 37 69 94 98 18 96 53 76 72 2 47 21 14 22 55 
25 81 59 22 46 3 60 38 78 1 83 32 72 2 93 68 70 29 20 25 25 38 52 82 47 70 86 16 4 17 18 64 92 75 52 40 23 61 54 38 43 56 32 89 14 72 44 74 52 23 46 84 91 96 10 71 55 14 25 70 49 40 82 21 26 27 18 50 13 25 37 86 77 8 14 35 76 6 25 51 93 79 93 3 59 9 41 61 61 10 26 79 9 7 96 65 36 44 19 12 
60 88 94 76 21 26 15 47 12 84 54 75 29 19 15 38 59 40 81 68 85 93 44 97 15 55 13 39 81 98 41 38 15 49 79 38 39 76 98 57 58 99 14 90 17 29 86 25 95 29 2 40 39 92 89 97 72 99 46 24 18 86 10 96 39 89 78 41 54 81 11 81 88 22 85 75 73 53 60 59 48 29 36 28 85 30 12 6 87 63 9 68 55 99 44 37 63 98 9 89 
