42 98 82 22 47 66 47 52 37 65 11 86 74 34 87 89 86 23 53 38 49 20 84 91 95 61 2 34 64 14 90 90 77 74 23 6 93 90 80 3 3 99 22 4 64 91 19 84 88 19 96 59 14 49 13 81 63 21 28 79 21 84 35 20 16 53 30 39 54 34 28 89 94 54 97 66 54 49 0 39 63 59 45 22 49 46 78 29 42 53 82 20 91 65 26 26 46 7 43 86 
34 46 4 34 88 19 20 44 22 74 58 18 77 46 49 67 94 84 86 64 37 0 8 85 38 96 46 25 41 69 90 63 76 55 82 38 85 49 23 29 81 41 94 59 47 77 42 54 62 41 13 86 79 59 62 29 61 25 39 37 33 34 76 38 96 64 3 96 46 56 90 66 58 6 98 32 52 42 5 27 77 84 66 27 89 60 84 22 41 45 48 50 11 59 59 34 87 25 76 81 
87 16 17 56 15 34 3 79 93 31 2 17 99 14 87 27 46 58 98 54 61 27 55 92 91 94 44 60 49 67 7 65 47 34 52 13 56 68 34 10 97 92 50 13 94 53 47 58 19 6 40 38 14 55 35 58 8 17 20 45 53 61 2 24 59 41 91 41 62 32 49 38 78 68 39 83 45 60 86 99 36 82 30 37 63 89 29 13 91 72 53 3 80 27 63 2 11 66 46 34 
85 91 42 14 44 94 51 55 98 44 41 63 44 60 41 69 17 2 11 61 59 57 1 2 17 94 28 83 45 27 10 35 84 56 68 28 60 73 77 73 77 23 46 34 52 44 87 4 23 77 22 38 21 38 95 64 25 69 0 18 36 42 57 39 28 51 50 66 46 30 60 32 84 59 70 32 59 96 69 67 34 78 34 88 44 38 18 95 39 72 78 28 42 23 49 63 24 77 78 57 
81 23 26 54 20 96 13 12 86 42 40 66 46 10 51 54 53 46 4 24 4 0 32 5 12 8 56 47 21 80 71 29 2 36 14 5 36 53 44 4 12 70 95 33 26 92 10 86 28 9 68 99 68 60 25 77 57 99 72 10 75 51 49 50 0 43 80 45 81 58 25 66 42 58 81 48 87 21 81 66 40 67 74 52 22 8 21 75 74 24 31 30 81 91 64 55 28 90 96 52 
86 91 90 35 4 84 96 82 76 3 98 15 54 61 66 71 62 40 20 33 18 5 91 37 43 14 0 50 25 8 50 53 17 37 65 43 13 19 19 92 18 92 59 93 53 21 8 27 30 1 82 21 38 96 19 12 42 79 41 9 24 94 10 67 50 95 48 97 46 64 9 18 12 20 2 23 18 42 76 49 35 10 3 12 37 44 35 91 26 23 35 13 81 6 28 95 34 41 34 7 
70 10 44 24 95 93 54 39 48 45 62 17 32 36 44 86 76 22 39 62 90 92 31 42 75 30 4 61 61 31 46 83 5 81 83 58 15 33 15 39 68 80 78 95 15 53 31 86 7 33 83 69 31 80 7 15 11 82 90 41 26 66 14 6 69 26 66 87 91 39 44 60 93 26 45 3 16 51 53 98 73 9 63 71 24 91 76 54 48 33 51 30 2 57 93 96 64 23 17 69 
84 20 75 74 32 87 37 12 12 66 39 72 39 74 63 85 18 75 51 49 39 23 33 78 32 25 7 72 18 15 8 42 93 99 31 24 13 32 43 84 51 40 7 33 96 17 11 43 33 90 6 61 59 84 65 19 37 5 80 60 84 31 28 35 63 40 40 24 23 24 68 61 56 63 83 73 93 85 87 1 64 12 87 54 73 41 96 74 77 9 32 18 6 73 79 95 41 87 62 88 
43 19 30 8 24 7 17 20 33 23 88 67 79 87 64 95 41 81 52 87 51 61 83 47 83 60 14 24 84 65 85 69 72 38 67 13 58 46 67 73 13 1 20 32 60 45 83 90 74 56 43 86 67 30 53 11 40 48 2 8 23 41 2 55 71 24 62 43 3 74 16 2 52 53 44 13 52 26 47 9 44 43 28 82 74 95 95 14 24 82 93 20 27 92 99 38 55 21 82 91 
46 26 47 9 27 7 37 74 50 12 27 97 49 13 14 12 60 49 91 64 76 37 21 88 44 8 65 45 1 34 77 2 44 51 14 71 6 17 21 71 84 69 29 34 70 34 27 96 56 94 58 68 23 85 64 92 57 91 89 9 5 90 78 6 33 72 96 32 12 37 2 76 26 36 88 36 22 66 6 42 99 76 45 7 86 23 24 64 95 57 53 31 22 17 33 51 84 93 9 71 
62 43 71 80 25 98 40 54 3 70 71 42 65 59 98 97 77 10 12 23 21 92 79 12 33 35 2 79 46 63 33 10 95 9 95 65 33 54 85 14 69 93 26 11 4 41 99 22 95 34 55 42 44 70 13 31 5 61 33 8 6 40 48 31 8 5 96 61 45 76 91 70 73 52 91 15 79 8 90 74 0 43 67 81 47 3 41 27 67 38 86 84 29 30 98 95 21 26 9 89 
29 52 23 87 51 18 2 40 20 20 53 8 42 18 39 84 83 49 10 83 2 71 69 69 50 49 60 94 45 65 86 53 95 47 43 97 66 95 75 91 68 79 95 89 26 95 79 51 84 14 67 48 55 26 42 80 46 24 44 23 48 73 91 44 24 4 84 99 38 79 11 96 2 39 92 13 83 40 15 65 85 45 26 42 21 66 14 84 68 27 59 52 91 98 76 75 75 43 6 35 
81 31 24 66 79 91 20 48 35 83 83 32 63 3 98 89 25 12 71 39 41 74 78 15 90 16 37 79 78 97 74 43 61 70 79 35 58 44 51 66 26 79 75 10 69 91 27 13 47 50 54 19 97 30 7 17 84 32 54 70 37 9 10 68 70 44 89 53 44 81 57 74 25 80 95 44 28 93 89 45 58 91 84 53 43 98 20 2 38 9 91 88 33 67 44 90 25 98 84 25 
12 62 78 50 92 67 96 29 7 69 60 83 19 43 63 89 24 98 19 82 7 8 25 91 50 8 99 28 65 67 6 11 47 31 50 8 78 79 80 19 79 28 48 61 81 7 13 95 95 59 42 72 4 51 50 54 15 7 98 68 55 19 17 86 73 5 9 29 55 85 32 16 91 49 25 19 57 82 32 26 85 88 24 58 65 88 8 76 97 20 99 0 51 83 27 52 21 47 91 36 
57 15 21 77 96 65 32 67 10 24 6 24 62 5 32 94 17 63 25 38 35 16 89 17 28 78 59 23 64 66 28 51 6 95 61 78 90 14 71 48 65 53 66 47 1 6 0 5 8 46 75 80 46 42 56 83 59 56 53 4 13 80 89 0 46 45 86 51 76 14 47 9 38 18 28 44 18 36 95 19 84 43 12 89 85 86 20 30 35 61 32 19 25 55 36 12 82 79 74 44 
95 97 29 35 0 94 20 15 6 78 81 99 74 45 10 43 49 84 65 94 9 70 34 12 23 67 3 55 41 75 23 92 98 1 51 82 80 86 58 47 29 33 54 83 1 45 24 36 42 85 75 14 53 15 82 46 80 34 16 97 9 68 44 52 10 48 15 38 97 93 34 14 90 8 10 69 78 26 53 85 7 12 2 99 66 58 76 71 36 26 41 10 59 27 33 0 94 2 52 98 
64 7 28 42 70 27 77 2 12 36 87 58 97 38 58 61 36 25 69 57 38 82 37 1 25 43 98 32 23 69 93 60 12 84 64 76 88 54 52 58 61 84 25 79 71 5 95 16 12 3 95 25 46 59 63 84 63 40 31 96 77 39 72 22 2 41 18 84 37 34 57 48 77 69 83 88 62 11 89 79 30 36 3 86 90 24 13 73 21 66 8 59 75 43 48 21 81 57 14 49 
53 22 85 26 38 59 61 80 9 60 89 76 17 69 25 70 7 21 78 52 1 2 17 11 78 58 17 97 91 69 61 81 43 18 29 6 73 78 39 36 61 99 5 61 26 5 10 23 76 39 82 43 2 19 66 26 53 71 75 25 61 79 77 34 55 35 75 49 44 47 49 92 6 88 47 63 97 8 20 83 83 12 13 37 74 54 75 97 77 82 46 87 77 17 36 57 14 96 81 11 
95 13 36 36 39 67 89 14 64 39 1 36 52 55 59 93 25 34 48 7 97 35 58 29 87 7 56 78 16 1 33 88 34 56 94 40 28 53 77 46 18 53 47 58 88 21 8 44 93 51 38 22 70 87 99 36 90 99 75 85 65 31 53 47 88 45 0 31 87 40 82 62 5 30 36 11 63 80 12 54 31 89 11 96 27 5 61 0 47 43 7 82 3 9 24 22 9 47 15 58 
29 35 75 71 98 51 58 42 24 47 24 63 58 97 20 70 5 34 33 9 42 11 90 24 53 39 65 51 42 91 45 53 49 87 98 49 56 19 23 18 27 78 26 74 75 50 30 36 84 96 1 26 14 73 39 24 5 34 26 75 55 63 16 4 76 62 86 8 68 2 22 60 38 78 35 1 49 16 23 42 47 61 86 17 95 95 50 14 59 85 22 73 39 17 66 51 85 31 43 32 
9 29 59 44 59 26 0 18 98 96 97 20 55 9 9 48 74 68 71 74 24 64 69 59 75 64 85 17 86 83 37 73 48 23 90 93 98 82 35 46 66 81 31 89 75 62 52 56 63 81 98 43 80 83 47 83 2 77 76 84 35 77 68 18 40 36 19 57 76 83 86 1 54 59 53 22 80 94 33 48 65 49 43 79 14 39 68 35 85 59 58 50 62 25 72 96 2 80 98 34 
84 12 32 38 90 78 6 11 53 49 2 38 41 16 66 56 23 67 44 69 11 6 69 68 96 11 45 35 74 64 95 45 23 29 84 51 53 51 20 36 47 85 73 68 42 18 11 71 78 84 52 45 57 43 24 10 52 68 19 31 83 55 30 62 65 71 52 34 84 49 2 61 94 8 93 92 9 92 70 40 20 16 2 61 59 21 91 67 43 39 59 56 86 53 99 45 57 57 79 52 
82 73 44 5 29 33 10 28 42 97 83 67 69 37 67 84 76 56 18 84 60 76 91 77 90 15 55 6 20 79 5 41 32 50 18 6 97 53 68 64 64 57 7 71 16 31 24 49 57 24 37 26 1 48 44 71 0 96 92 8 17 77 70 69 82 36 80 54 81 39 43 62 19 89 12 30 58 24 43 61 77 94 97 11 70 62 47 82 39 77 92 40 17 36 82 79 31 83 35 62 
74 7 47 85 16 72 56 38 70 58 66 32 33 33 88 43 80 42 23 58 92 32 81 6 96 51 9 48 75 72 37 93 7 85 88 28 79 46 73 44 64 17 27 38 12 65 27 80 83 89 31 15 99 3 41 30 5 63 91 56 95 74 87 65 89 46 6 64 63 16 17 15 62 63 0 30 95 15 38 65 6 46 97 40 23 22 62 24 0 91 96 87 35 93 6 48 31 73 41 29 
9 41 54 41 58 6 16 57 17 98 98 29 50 69 8 91 84 47 22 51 83 63 60 61 58 94 24 99 22 95 1 98 17 49 2 28 20 29 46 44 39 90 65 21 90 27 51 94 63 36 44 65 55 55 84 2 85 0 27 94 58 86 55 85 46 93 28 37 25 97 56 81 45 0 81 13 7 99 84 78 96 72 3 0 98 20 98 1 32 31 45 65 38 97 73 68 8 20 44 48 
89 53 77 28 42 27 32 92 56 9 90 74 43 68 21 49 0 89 3 23 66 4 60 92 75 25 24 32 44 38 50 97 3 81 9 51 31 99 28 4 2 25 57 56 18 63 69 19 53 38 64 32 15 26 34 46 84 44 45 1 82 19 89 68 31 49 48 48 31 41 20 43 49 28 33 94 0 25 35 12 60 20 7 32 32 69 13 16 90 73 67 95 41 64 60 36 79 98 90 61 
59 4 44 90 40 77 2 29 19 18 55 6 61 2 98 27 25 34 24 78 56 44 57 10 34 96 4 26 24 83 64 60 19 36 88 17 28 41 48 41 95 99 81 74 41 60 96 92 25 12 43 28 23 97 13 9 60 8 14 54 21 5 28 21 2 10 83 12 4 67 84 78 46 87 14 36 56 83 28 40 57 59 30 46 3 89 34 25 44 79 66 16 64 39 11 62 28 28 47 15 
1 83 56 60 37 63 36 72 69 2 20 19 0 59 25 67 47 16 80 94 70 89 84 32 17 41 37 61 74 57 15 21 94 93 77 38 99 1 12 74 53 97 63 13 59 25 52 49 52 88 14 24 9 10 9 9 93 79 63 8 40 54 32 47 64 78 60 5 49 75 59 25 51 24 13 10 30 28 83 30 85 95 98 23 25 11 27 5 72 30 79 89 81 41 60 25 31 33 11 57 
98 13 3 94 84 16 94 1 32 37 74 39 87 68 23 2 39 87 11 30 9 85 7 65 14 65 48 11 90 62 44 22 76 9 25 69 43 20 94 48 73 14 94 55 73 52 49 46 31 62 82 85 37 12 1 31 74 70 56 13 45 50 97 36 7 53 54 26 66 25 65 45 54 18 29 16 36 69 1 8 0 21 7 86 23 24 15 21 26 29 29 22 74 24 12 34 40 93 65 93 
22 33 96 61 67 66 80 4 3 53 1 5 7 79 37 72 48 43 68 33 90 73 57 87 58 24 96 58 79 71 17 81 97 27 1 0 59 40 32 64 79 52 70 0 36 8 74 0 63 8 76 76 73 30 17 40 92 34 85 50 51 29 20 95 11 28 1 33 3 47 51 20 12 85 32 20 94 12 33 83 93 64 90 54 11 57 34 37 69 19 51 23 45 67 29 55 27 74 44 37 
95 91 51 20 17 24 72 28 77 92 78 15 74 5 60 83 30 37 11 50 68 82 97 92 68 79 84 33 50 44 79 61 54 5 30 96 55 45 76 25 42 4 24 48 77 66 33 39 75 50 39 70 99 80 25 47 89 23 5 25 55 34 20 83 24 11 34 99 93 77 30 51 69 2 33 20 51 96 89 9 57 69 88 79 14 40 34 6 31 82 32 42 63 13 81 91 42 36 26 38 
4 19 16 78 93 4 84 85 83 54 8 14 69 61 77 39 79 70 61 30 11 5 17 86 98 28 73 7 64 57 82 37 71 87 84 17 7 85 38 21 38 12 35 42 66 58 42 7 23 58 36 47 1 30 60 7 59 75 39 57 41 88 30 8 83 5 49 82 98 50 37 58 51 18 80 89 26 85 35 51 61 69 88 57 64 95 13 82 19 58 25 35 46 32 78 51 68 46 91 55 
39 33 38 45 31 1 20 83 17 92 88 30 70 78 17 92 53 32 76 67 61 94 38 39 74 26 50 81 29 90 57 89 30 96 85 49 65 32 95 91 33 62 17 26 13 74 84 59 11 96 98 41 70 11 22 38 82 61 54 8 11 63 25 76 94 95 66 96 42 95 14 83 55 4 86 65 16 87 83 31 43 43 9 38 9 79 13 35 81 29 78 86 65 39 6 39 75 12 54 92 
30 19 15 65 26 88 43 36 87 63 8 20 4 53 22 76 15 20 87 72 40 14 26 60 16 97 76 76 83 29 35 66 0 43 40 78 7 13 16 7 35 90 85 74 47 39 34 92 95 93 80 59 19 29 54 93 95 2 11 85 7 18 15 34 65 19 55 69 89 71 17 69 84 34 40 9 44 36 87 14 70 7 64 77 33 81 63 39 11 24 51 35 2 49 44 96 48 76 34 20 
50 19 7 68 89 41 95 44 26 44 11 49 28 12 7 42 59 38 71 0 43 81 5 98 77 52 24 7 74 89 12 49 58 72 60 66 55 66 40 5 13 24 13 99 68 6 45 42 60 33 11 33 12 69 75 82 99 51 6 9 14 10 21 45 10 42 70 12 53 10 98 18 19 98 84 78 63 97 79 0 93 57 36 14 46 59 34 66 58 0 22 96 77 4 96 32 54 34 43 46 
68 88 21 44 45 85 98 27 92 72 39 42 69 62 40 7 48 39 19 64 2 13 51 13 79 9 3 38 65 83 1 87 19 88 29 19 86 62 46 66 8 59 94 30 93 97 73 28 27 37 32 26 4 65 95 64 11 84 73 27 44 17 18 49 7 47 74 42 92 35 32 75 6 70 73 97 25 5 30 80 34 62 75 73 92 29 29 32 70 90 70 66 10 93 80 90 32 43 8 22 
35 7 8 49 87 26 38 79 16 22 91 84 58 65 14 96 85 36 17 27 95 5 22 28 80 30 90 63 41 39 47 0 84 7 46 6 95 57 87 15 75 17 83 52 98 78 83 25 96 46 3 39 31 48 94 17 89 8 68 68 51 32 39 54 59 94 30 80 9 74 79 47 1 49 48 44 27 10 13 86 24 47 80 17 33 55 8 45 98 68 14 93 21 76 32 32 7 84 28 96 
89 66 42 85 51 38 13 8 25 47 67 81 94 24 22 25 58 35 93 92 95 44 44 50 84 26 7 88 64 93 89 29 97 99 99 78 72 4 86 47 75 56 75 12 90 20 86 51 78 43 41 73 19 71 58 62 47 22 42 40 60 30 11 41 38 84 12 46 69 24 55 15 74 78 0 19 51 43 80 30 64 80 9 10 71 38 36 14 59 45 14 50 45 66 43 82 59 78 68 41 
1 5 28 54 21 3 34 80 6 26 93 59 32 24 19 89 42 67 10 74 72 90 36 8 27 97 82 86 9 48 91 22 57 48 26 25 61 30 5 37 10 64 95 46 7 65 61 70 13 41 24 62 17 61 82 46 75 52 70 43 51 38 1 15 13 47 83 7 73 36 5 76 7 49 40 91 85 39 89 51 55 0 75 18 30 43 94 66 76 50 73 25 51 8 54 18 68 96 88 38 
82 43 90 47 35 34 62 46 1 56 89 95 97 53 5 69 20 63 79 71 79 75 65 62 50 91 67 32 79 79 10 0 51 22 52 7 52 30 15 15 4 10 48 5 58 63 39 64 71 61 8 0 56 72 72 37 95 34 94 24 29 42 95 38 17 46 80 11 6 13 98 21 10 68 82 18 83 26 54 35 43 22 23 98 34 44 69 13 42 30 16 4 91 63 81 8 28 9 60 57 
6 20 27 9 10 79 74 78 40 99 40 70 98 72 59 77 34 27 80 15 57 13 18 46 24 10 46 94 99 78 45 7 83 14 65 43 40 66 74 93 84 97 3 41 11 90 52 53 63 49 45 47 73 33 82 31 85 81 56 92 59 33 24 98 95 23 94 7 73 1 65 79 0 0 66 39 28 25 38 45 26 35 15 4 37 14 53 75 18 70 89 89 7 99 79 66 83 31 77 5 
57 64 91 19 59 49 96 14 69 7 85 43 11 0 32 0 99 94 48 62 22 65 75 58 84 11 28 19 53 91 26 60 47 84 0 2 58 11 51 28 96 47 93 5 1 25 80 33 51 55 10 16 57 80 25 91 37 17 54 33 65 78 33 13 72 96 37 84 53 50 30 2 42 62 26 60 0 53 61 92 26 25 50 92 73 93 99 68 23 10 4 55 71 65 11 96 67 17 44 25 
19 90 85 8 85 18 49 39 73 16 92 81 64 6 46 23 7 43 37 85 38 93 60 70 78 83 82 25 45 42 98 89 24 52 16 69 41 57 92 12 40 14 73 60 12 52 5 6 94 63 99 29 85 14 1 62 18 28 87 68 22 75 75 7 97 15 71 67 66 3 84 81 12 72 52 41 59 54 3 6 84 16 25 6 73 33 71 23 48 56 50 80 89 0 48 84 86 24 82 96 
91 50 22 24 90 77 62 23 32 53 80 30 25 90 35 70 21 23 82 77 16 52 12 39 46 46 23 60 30 14 29 9 20 44 28 83 66 77 81 91 68 0 8 53 18 37 69 2 54 31 10 87 57 27 23 71 99 52 74 75 30 49 8 78 34 77 32 39 90 49 39 85 11 55 91 50 23 38 48 65 39 54 31 86 68 57 57 25 61 70 35 77 5 25 64 58 85 43 24 75 
69 96 78 61 8 62 69 2 23 64 6 9 81 95 85 10 0 75 96 36 87 97 80 46 68 63 23 95 32 24 94 81 33 86 96 31 87 38 74 61 27 19 96 40 59 74 80 95 30 80 78 26 3 39 76 1 23 46 95 51 76 76 33 43 39 80 32 94 77 78 78 79 66 0 51 79 98 51 52 53 89 28 18 1 13 83 91 63 61 50 38 79 92 33 61 90 62 33 77 0 
86 26 14 11 61 66 53 38 90 67 10 91 38 40 47 22 58 58 56 92 2 84 94 79 29 73 65 86 75 61 73 51 57 67 12 87 59 69 36 45 38 41 20 95 89 30 83 5 89 42 73 48 20 47 17 74 42 55 67 95 1 77 43 8 47 32 42 33 97 26 78 52 51 1 20 11 81 9 89 82 64 18 73 62 12 67 81 10 28 48 18 52 93 88 23 78 16 97 30 50 
3 44 45 26 80 56 44 64 10 46 77 73 12 55 20 68 37 69 5 13 59 31 34 67 58 94 69 27 31 51 10 74 60 95 80 56 82 25 26 10 30 7 75 85 39 60 75 4 73 72 92 68 42 96 99 10 61 59 49 69 68 57 8 8 44 12 11 54 88 72 64 8 50 19 95 11 25 21 0 43 24 20 96 43 66 47 30 98 26 8 83 9 76 59 86 30 89 21 14 80 
71 74 24 24 5 71 61 31 22 38 56 61 19 89 16 26 22 97 73 43 64 60 71 3 79 46 71 18 48 13 49 82 43 50 5 56 21 77 18 77 25 88 35 6 42 16 36 25 43 41 41 64 80 27 62 59 40 17 86 85 72 1 24 63 91 64 67 41 78 19 88 69 98 94 98 61 36 32 56 3 68 15 15 51 33 54 22 41 32 84 93 51 63 35 27 77 8 28 6 19 
85 1 44 79 86 88 99 11 33 62 88 41 46 68 37 58 44 44 32 96 98 36 79 35 17 50 66 66 97 63 50 65 70 58 75 98 5 83 95 80 59 25 32 39 33 95 52 82 20 94 21 93 59 7 36 63 19 19 61 91 31 68 59 93 56 18 19 7 42 70 43 60 59 5 65 53 88 0 37 19 94 30 3 88 6 44 16 29 81 32 16 31 93 88 57 17 52 5 98 34 
62 81 30 79 8 78 49 23 15 68 99 4 58 42 4 21 76 36 7 62 34 51 84 56 8 78 36 90 29 39 10 67 68 97 7 4 32 17 61 76 91 58 77 7 23 46 2 56 41 85 30 30 2 60 31 84 3 6 52 68 12 65 77 41 5 9 64 69 51 85 94 25 68 78 13 34 29 84 55 72 16 38 67 37 35 73 10 56 19 16 93 75 16 95 30 17 92 53 48 12 
42 46 22 6 69 13 78 62 37 30 6 70 90 19 71 23 39 32 54 68 0 1 84 38 86 27 52 4 22 42 11 42 41 89 3 3 27 90 76 71 35 51 11 70 94 33 91 27 74 73 9 96 29 92 75 90 50 95 9 32 27 34 0 71 71 97 43 56 14 85 75 77 31 76 41 16 97 91 41 66 29 94 41 76 3 5 51 32 63 58 80 85 82 36 33 10 81 50 64 92 
9 82 79 99 59 60 54 64 42 89 3 88 79 57 97 91 85 65 1 34 5 37 29 1 67 25 21 13 10 53 37 25 0 14 20 27 78 55 85 30 50 96 23 13 30 45 69 82 52 39 4 36 14 47 0 2 72 31 13 66 55 77 13 17 48 20 34 19 34 9 22 13 45 95 47 61 35 79 4 41 83 75 79 52 15 32 21 66 58 89 83 26 3 82 98 57 21 21 17 36 
35 95 65 66 26 10 85 59 48 66 60 80 3 66 40 24 27 96 0 87 96 83 44 21 99 96 7 81 62 47 69 78 79 48 99 29 33 50 15 0 5 46 48 99 72 83 34 37 24 8 66 50 96 74 4 78 79 36 40 16 88 8 18 12 15 1 90 94 48 62 12 84 73 20 24 81 61 6 40 79 38 27 21 54 6 33 8 67 66 85 13 40 87 60 29 12 58 44 19 72 
56 42 16 79 37 14 96 32 14 95 4 6 94 10 26 93 55 45 26 54 13 84 58 51 58 34 60 16 73 99 19 65 56 62 3 89 45 87 52 42 49 91 37 10 4 75 18 37 75 4 67 48 59 4 88 66 73 74 41 69 23 14 68 55 14 39 77 21 64 56 65 24 23 41 15 18 39 68 51 19 69 84 36 57 1 9 97 57 9 68 62 19 54 63 64 83 74 4 10 21 
86 99 85 73 3 6 14 0 28 29 31 51 18 37 36 93 94 27 98 79 54 48 17 18 6 20 49 73 21 62 38 99 65 91 85 75 63 93 7 54 22 92 72 37 45 57 70 71 19 47 19 14 67 63 61 49 12 85 85 36 11 0 65 76 38 68 82 0 15 18 68 89 98 23 80 28 43 54 76 77 43 84 69 88 49 33 17 5 60 16 78 70 11 46 59 35 72 95 42 37 
48 9 2 76 87 13 69 70 47 79 53 33 28 82 70 86 75 60 7 46 93 3 90 25 58 8 89 2 88 95 15 98 22 43 81 29 50 47 73 85 66 29 69 28 23 82 0 44 26 22 86 0 48 65 60 6 99 75 17 3 1 88 67 79 8 35 42 62 67 8 7 90 52 47 55 26 38 83 13 85 25 78 74 35 20 79 76 5 87 10 13 0 13 23 44 96 47 81 87 92 
41 36 67 85 28 53 9 90 5 81 15 87 1 97 87 19 90 52 10 62 17 21 3 59 16 43 44 84 90 26 50 75 37 72 33 57 91 43 30 54 11 1 93 44 94 90 77 59 1 84 50 76 90 97 21 80 31 52 77 32 94 53 65 67 74 78 33 12 12 30 47 56 5 94 83 73 79 85 28 28 18 8 64 65 50 69 93 73 66 82 6 52 58 26 66 95 29 85 11 76 
72 33 18 69 91 72 4 42 41 82 88 74 97 78 40 95 76 13 49 44 52 62 39 36 19 22 16 89 69 10 27 30 90 53 40 69 28 43 90 7 7 66 37 77 17 48 42 91 60 54 48 39 14 80 36 36 25 60 46 83 55 7 89 74 59 33 5 71 36 12 60 76 10 28 92 56 15 34 22 28 99 54 14 72 31 18 37 83 95 40 54 14 66 51 22 24 14 61 6 25 
24 74 10 44 89 72 95 33 86 43 45 4 65 28 6 60 76 22 66 35 89 70 67 86 43 50 32 87 97 37 65 81 60 58 89 24 93 47 60 98 47 11 57 97 38 97 14 26 9 99 63 98 77 7 45 11 18 5 40 56 21 42 39 64 31 15 27 20 10 80 61 12 41 70 23 81 32 95 29 60 17 49 48 1 64 82 16 0 42 79 19 43 12 31 85 66 54 93 69 20 
67 11 76 7 1 81 88 6 78 69 71 56 8 69 58 91 69 8 4 2 96 60 87 44 66 72 22 51 32 4 79 28 68 89 79 15 51 31 46 48 42 76 93 79 83 50 79 2 14 72 1 69 47 69 82 47 86 45 37 46 30 53 98 7 90 41 44 7 70 4 43 5 64 14 49 61 2 45 80 20 95 42 64 57 88 85 55 88 17 7 48 25 0 39 20 70 17 75 78 24 
30 77 34 88 62 2 56 6 76 64 10 54 17 30 79 90 2 84 69 90 11 62 42 90 17 22 86 17 40 76 16 75 29 20 63 32 53 61 66 53 46 53 3 64 92 93 3 63 98 35 78 66 95 20 99 50 50 27 21 68 24 71 0 73 48 4 53 58 72 97 28 80 8 80 41 94 39 66 25 10 40 69 45 80 33 11 71 48 22 37 96 63 9 36 97 1 2 54 10 74 
52 21 56 65 49 43 54 80 51 29 59 93 15 78 50 48 2 2 37 34 17 96 34 61 74 55 43 78 21 64 89 72 72 93 0 57 77 36 88 5 27 7 59 21 4 50 89 74 14 10 80 90 41 81 73 76 39 93 38 27 65 81 26 99 18 18 38 44 97 46 6 10 8 67 43 34 42 2 74 13 92 26 77 6 24 22 32 38 1 57 82 73 47 22 9 56 46 79 16 45 
33 90 84 87 77 25 25 39 90 9 33 78 65 22 73 36 18 54 47 68 92 68 75 44 43 26 6 96 25 0 77 54 0 43 50 48 87 74 87 54 99 12 74 29 36 14 12 41 4 98 2 38 23 57 14 8 80 61 2 56 59 21 32 65 39 45 12 25 70 49 11 93 78 73 57 50 82 63 38 52 14 76 29 71 43 32 61 97 78 59 27 99 31 59 59 11 13 28 94 69 
93 66 76 9 26 59 23 77 87 8 60 35 43 35 12 81 76 49 81 82 83 13 98 68 94 42 29 92 43 57 4 54 68 86 26 26 32 23 26 97 42 65 16 24 71 84 15 30 84 41 67 72 29 10 79 62 43 8 50 12 9 19 30 2 81 11 73 3 44 15 7 56 47 63 48 28 76 57 18 39 42 83 45 11 8 62 19 66 15 75 94 46 46 67 44 90 21 60 25 70 
97 50 55 44 8 9 58 23 19 25 17 44 60 31 77 15 37 50 76 20 54 6 1 71 78 12 66 85 91 26 26 57 56 0 36 14 70 87 88 85 23 77 56 68 91 86 17 32 23 41 64 16 7 73 39 68 58 30 65 69 93 83 16 1 36 2 40 97 24 26 72 97 34 3 64 57 62 91 27 49 95 3 10 30 34 97 12 86 26 53 27 80 75 46 3 42 82 51 66 51 
27 69 12 12 20 86 47 73 6 38 94 24 9 65 21 93 0 41 57 48 81 50 17 75 94 11 24 52 61 7 29 14 18 0 11 19 42 70 35 1 66 59 6 83 44 14 91 91 45 78 4 41 44 8 20 30 10 19 17 10 62 54 99 15 71 84 1 40 84 28 62 9 23 35 83 23 69 66 91 94 12 94 54 24 95 83 66 41 58 21 19 65 69 9 55 2 2 27 14 71 
21 59 58 88 32 57 12 7 75 69 45 91 58 23 40 62 36 24 37 60 15 81 67 1 17 47 61 7 36 20 82 10 86 27 21 48 26 26 47 77 83 28 25 93 74 5 92 87 98 70 28 54 96 72 27 38 39 73 97 18 5 24 69 23 34 57 45 83 5 89 3 99 33 46 51 66 65 94 40 35 95 29 19 12 62 49 69 68 50 18 23 74 12 17 3 84 10 63 29 78 
16 70 65 86 88 52 91 56 71 24 78 10 72 65 69 78 40 72 56 51 99 42 51 68 38 54 80 95 21 96 93 33 76 41 79 82 72 69 33 36 7 71 36 55 60 39 24 80 39 54 87 82 17 33 41 49 3 67 60 36 60 29 5 72 44 83 62 35 66 17 9 26 98 89 73 47 48 74 7 34 71 14 28 30 97 44 1 46 97 33 3 53 79 64 81 35 21 87 26 65 
38 44 35 70 75 12 81 70 51 87 94 7 55 84 38 31 86 50 56 46 91 43 34 97 53 32 53 17 78 26 52 23 83 59 79 32 7 83 83 40 74 21 41 21 51 73 49 57 94 92 44 56 59 94 43 51 51 94 69 67 0 14 82 70 54 97 86 23 41 95 73 13 44 16 20 18 29 35 21 52 82 4 54 67 50 0 88 8 60 68 93 85 70 13 62 34 59 58 54 48 
30 79 70 44 82 8 20 91 62 73 78 59 4 48 59 56 87 83 55 24 97 5 5 27 22 27 98 43 28 35 61 63 65 15 98 31 96 26 43 55 1 96 48 32 40 16 77 91 98 47 34 31 65 78 98 33 89 6 68 33 56 83 1 8 15 59 10 0 53 61 10 44 0 58 55 85 89 90 46 88 57 34 43 24 61 97 82 62 81 80 10 7 21 50 20 11 88 48 92 20 
46 97 22 12 91 62 87 74 48 88 81 18 74 38 36 40 5 57 18 63 50 20 66 71 96 81 41 19 63 61 93 95 86 83 61 64 79 20 68 93 97 81 17 75 33 94 96 52 72 22 15 36 19 11 39 3 40 15 7 1 65 91 1 64 82 26 97 64 8 21 87 1 11 42 4 65 95 83 7 65 62 81 27 33 21 16 1 48 42 52 40 77 89 4 97 37 61 30 8 88 
29 0 62 97 54 66 5 89 60 28 85 94 4 17 64 62 64 75 20 89 77 89 15 55 72 18 95 60 12 28 60 4 71 38 79 50 83 13 68 62 67 69 78 18 10 42 45 47 91 41 0 80 78 80 52 27 25 25 45 14 11 11 31 31 65 25 56 28 42 40 89 90 96 18 98 52 87 96 41 35 22 76 73 75 72 12 87 9 33 27 25 54 93 99 51 74 20 63 11 7 
2 57 80 59 41 4 93 21 32 16 6 27 22 90 7 68 40 30 76 64 88 74 49 34 83 77 31 61 83 35 58 30 56 47 69 83 91 62 7 45 65 66 43 39 23 3 34 52 54 76 51 81 89 25 92 13 96 88 31 68 43 98 15 11 55 43 96 56 21 45 84 88 97 0 68 11 68 46 50 94 9 85 32 0 76 21 65 86 41 36 59 63 64 91 61 32 8 83 89 95 
5 43 0 10 64 40 49 34 42 27 56 61 62 21 84 77 31 77 78 50 13 57 39 29 81 94 8 82 15 58 88 67 27 99 64 78 91 33 66 54 32 2 42 92 88 77 21 27 71 53 38 41 1 44 79 72 70 0 36 81 63 60 18 30 48 26 82 62 62 56 19 1 3 36 73 61 88 40 44 48 31 58 53 30 16 88 67 14 53 16 20 24 32 6 13 58 64 54 96 68 
16 11 20 28 63 72 42 46 57 91 30 26 9 7 27 91 95 6 75 36 51 22 7 73 63 7 99 12 50 90 76 5 86 64 33 39 87 66 7 59 76 72 9 98 81 28 32 34 30 44 56 1 99 14 2 58 16 39 10 44 51 18 60 52 91 75 3 89 96 19 62 86 85 57 59 24 68 97 72 8 4 45 80 59 3 33 82 84 74 3 32 18 54 2 50 91 12 67 88 92 
49 74 94 82 83 10 6 79 58 67 83 61 58 74 64 48 75 58 51 55 50 62 67 57 56 15 84 8 53 20 65 42 15 23 62 66 22 25 60 65 82 65 2 81 59 65 45 57 4 89 49 47 76 76 65 3 24 45 29 56 37 14 95 24 33 31 20 35 15 60 12 96 48 67 59 92 60 41 1 98 86 31 49 3 43 62 57 82 35 86 85 27 85 54 81 74 88 12 55 17 
34 30 2 77 34 26 55 17 40 90 66 99 88 35 17 5 63 71 27 7 5 48 84 17 36 75 82 16 67 25 19 80 3 80 85 0 62 73 91 89 72 93 22 12 87 66 26 71 77 43 71 14 57 18 90 90 90 5 68 25 67 35 0 23 72 85 35 73 24 84 61 72 16 24 63 36 66 62 77 22 81 82 1 22 24 61 35 77 37 68 62 30 92 92 14 55 84 13 71 27 
89 80 31 2 87 58 36 96 50 45 68 81 94 89 13 5 41 20 79 19 23 49 31 15 21 19 77 85 37 24 29 80 32 60 27 50 97 24 69 0 70 78 1 10 61 23 83 21 25 15 86 88 16 28 29 16 3 89 5 23 19 47 30 66 70 32 79 62 44 52 70 12 31 38 39 3 81 41 39 51 59 14 16 96 49 79 91 53 65 12 79 17 44 65 4 10 27 53 46 12 
17 97 31 12 81 44 46 98 47 90 21 95 72 26 29 87 70 72 65 2 40 18 13 21 49 59 36 52 98 90 20 49 99 8 28 35 3 28 85 61 75 50 21 5 63 74 82 44 22 38 51 90 35 11 84 53 61 71 58 23 88 51 93 93 92 96 17 3 93 35 86 64 36 93 80 84 41 58 33 57 5 70 97 66 99 37 73 75 65 71 19 4 44 96 89 64 24 69 70 58 
53 16 8 53 62 20 52 61 90 91 72 44 45 86 99 66 83 26 54 13 72 27 13 32 51 90 28 17 84 27 43 93 56 7 11 7 75 94 7 80 97 60 53 66 87 4 38 10 20 82 5 96 44 61 54 93 1 80 34 18 12 35 72 23 53 84 55 5 16 71 67 5 59 69 98 18 70 68 72 70 10 55 32 91 41 63 68 64 29 55 59 93 75 48 10 82 34 4 97 36 
92 72 34 88 15 31 93 34 56 13 14 9 64 7 45 72 44 17 1 4 43 86 91 43 66 18 23 56 59 34 59 52 24 8 90 1 42 69 92 48 65 7 57 40 67 46 15 9 89 65 43 31 56 17 46 39 32 62 64 54 37 87 30 80 99 55 5 67 92 51 78 97 6 78 7 63 74 86 46 79 39 81 4 75 92 40 76 55 78 19 66 0 44 49 66 82 23 49 62 31 
24 93 67 25 83 15 90 98 54 25 77 30 47 64 7 93 14 92 98 65 67 25 75 10 99 26 88 88 28 55 89 57 38 52 43 40 51 69 44 17 11 70 10 78 88 11 24 25 59 88 58 50 52 81 25 16 63 98 78 99 67 1 70 29 75 68 86 26 59 52 27 16 24 74 48 6 99 77 43 31 3 52 6 26 13 78 59 69 67 19 58 87 56 69 65 83 83 51 44 98 
82 36 6 70 81 0 59 40 67 14 36 90 65 89 20 77 81 4 41 10 20 27 42 92 62 13 86 74 49 31 29 45 13 26 36 80 43 56 7 70 45 3 87 3 37 82 14 95 16 76 14 31 69 38 48 90 46 8 29 15 38 11 85 23 75 49 87 66 46 62 93 25 69 82 0 23 52 55 31 35 35 69 72 76 71 42 23 96 27 58 2 2 17 7 24 60 13 66 74 0 
65 83 47 5 2 89 91 23 50 17 46 27 78 23 90 13 22 9 14 59 46 32 97 15 31 48 22 52 95 60 65 37 49 94 66 41 33 56 60 94 78 15 5 69 41 70 60 25 89 22 3 99 35 57 54 26 64 37 88 30 80 47 76 27 89 51 79 43 37 6 24 51 57 77 47 29 78 75 22 18 52 42 33 40 17 90 66 54 7 27 60 67 17 35 3 64 82 19 80 81 
19 59 45 57 50 43 80 45 68 25 64 82 29 72 48 74 72 13 35 45 60 44 48 0 13 61 63 1 68 41 30 68 34 99 37 65 58 98 8 92 81 73 91 94 77 28 92 28 38 40 51 25 28 62 86 38 33 92 82 42 22 73 22 52 67 67 62 47 92 37 3 45 42 29 57 53 63 38 41 71 76 79 16 43 59 32 84 96 32 21 5 10 1 16 47 48 26 70 98 95 
2 33 37 53 2 3 63 45 93 75 67 3 73 96 16 98 72 19 40 53 23 2 60 51 28 13 28 78 6 4 39 85 45 5 78 32 33 31 30 36 79 22 11 64 2 57 17 16 96 62 92 28 42 85 24 59 40 88 23 32 63 34 27 16 87 17 95 70 5 8 56 19 78 44 79 62 66 54 73 35 35 13 75 10 48 14 19 55 44 42 51 3 43 78 53 6 0 9 54 22 
36 25 59 70 50 43 76 41 55 37 15 48 28 37 21 91 57 95 55 39 21 54 68 87 79 23 56 25 63 2 88 82 38 73 69 53 98 41 71 48 49 56 91 39 27 77 30 31 14 30 86 35 94 80 94 16 34 46 62 98 97 27 98 12 52 29 68 84 31 34 66 36 53 54 96 72 21 49 34 61 51 47 86 18 60 24 45 61 58 21 74 32 29 92 46 77 1 39 50 30 
0 28 30 25 99 68 12 3 10 89 61 15 87 36 42 85 23 67 41 28 23 83 12 29 28 86 62 49 6 39 97 16 62 77 64 39 38 29 34 3 65 38 75 99 39 15 90 20 26 32 98 23 98 61 80 67 2 40 9 31 75 95 68 18 80 45 67 5 47 65 39 34 31 51 4 50 43 31 13 23 21 24 64 95 3 14 62 19 34 30 46 65 39 1 7 64 95 74 2 53 
62 64 85 74 27 93 8 48 94 61 49 50 70 89 87 56 85 26 95 73 13 13 35 97 23 80 6 2 87 18 35 17 5 11 49 87 82 42 15 37 8 4 81 9 3 21 15 25 80 45 57 5 70 19 67 8 6 81 5 99 7 8 29 34 95 49 87 31 96 88 82 68 30 92 5 63 60 92 25 92 18 80 17 79 78 31 34 50 61 83 28 81 15 89 44 8 70 18 8 41 
44 63 99 94 60 85 6 25 90 49 63 79 81 34 55 74 80 34 60 11 48 58 47 18 49 48 76 50 27 19 98 8 74 14 24 71 53 36 78 63 80 20 39 47 13 7 68 95 97 30 33 46 54 74 18 7 14 17 17 6 53 47 62 13 44 29 11 91 58 28 34 33 27 9 27 96 47 24 66 62 20 98 9 84 87 96 10 27 61 8 59 90 60 26 89 88 15 76 82 50 
15 38 2 75 99 0 73 57 38 40 47 83 50 63 40 89 49 79 9 48 80 10 26 23 18 77 46 49 26 67 55 80 82 68 27 80 7 90 80 68 3 71 86 22 63 59 46 29 29 43 84 88 99 90 42 25 85 11 16 35 55 63 52 48 82 88 67 33 68 51 87 3 78 62 74 22 6 32 47 72 46 1 52 88 59 29 96 56 77 36 69 72 86 32 88 27 57 90 63 98 
73 65 36 71 58 84 89 88 36 42 92 26 33 96 11 8 36 13 42 75 3 57 52 34 48 52 47 93 76 64 8 95 87 30 62 52 64 5 18 40 80 24 63 66 57 64 79 28 17 12 33 16 26 5 65 86 37 85 13 54 62 60 41 32 50 53 1 30 71 53 69 50 11 26 77 5 4 70 82 48 27 42 58 45 36 4 19 79 96 98 98 93 32 26 81 33 9 87 57 89 
48 85 30 14 4 40 15 59 82 73 38 19 65 89 63 67 78 42 80 51 5 8 18 96 57 32 2 45 16 95 62 52 51 20 37 44 12 71 55 48 96 61 74 82 8 59 2 21 22 36 91 25 54 73 17 45 34 16 23 1 0 17 16 12 63 3 10 39 27 33 11 60 70 51 66 29 3 0 57 53 96 61 80 8 36 68 75 69 18 41 44 53 29 41 19 97 88 9 85 88 
48 89 26 86 19 17 74 72 71 2 10 9 84 58 56 33 58 70 68 92 86 96 53 5 46 0 35 71 23 6 46 27 47 40 43 23 84 2 42 43 76 3 40 38 93 26 45 80 94 77 73 77 42 36 46 16 0 1 61 37 24 26 25 52 42 72 72 35 28 3 26 25 53 86 95 29 55 57 20 52 28 60 64 26 41 41 75 0 14 64 91 1 66 62 39 6 50 12 88 22 
40 50 34 60 14 76 19 67 63 11 5 7 85 35 82 5 35 87 36 51 53 58 55 33 86 65 50 23 2 33 63 24 64 98 54 2 45 12 56 83 61 37 73 51 33 67 68 91 66 11 77 90 57 58 11 82 8 19 71 53 31 86 37 80 35 0 58 32 99 42 50 3 20 14 10 13 43 59 92 56 96 12 26 53 1 20 21 60 14 33 35 37 84 99 14 36 81 66 66 77 
15 62 9 29 37 50 54 9 28 63 60 48 13 83 63 63 74 77 75 51 47 10 16 31 43 12 66 70 51 6 15 59 63 77 41 59 95 14 55 7 43 44 7 14 98 78 13 34 67 40 63 74 1 86 8 46 65 14 62 67 53 56 87 12 55 38 18 34 71 69 51 26 49 41 36 8 86 15 86 28 16 33 76 22 1 86 22 16 49 64 36 47 86 10 19 93 48 74 80 29 
64 39 57 44 81 6 49 16 38 38 8 94 63 57 33 19 22 33 13 23 67 39 89 33 71 30 92 46 70 23 0 22 67 45 73 51 48 71 77 63 70 85 17 36 54 91 24 29 37 11 23 4 33 57 53 50 56 0 72 35 88 8 44 59 60 33 78 32 2 45 88 45 25 26 39 78 13 91 68 52 69 33 43 51 64 84 29 31 8 70 5 76 15 54 86 61 14 82 38 83 
98 79 46 25 68 21 44 27 37 61 49 56 71 69 41 8 59 96 79 38 23 14 90 4 30 71 88 80 25 93 32 27 1 42 15 5 54 60 86 48 62 14 19 48 50 58 41 2 16 11 33 75 18 40 35 8 94 9 24 40 15 68 56 38 50 73 23 87 64 97 36 57 99 9 94 69 71 93 43 19 11 31 54 48 37 42 3 64 70 71 20 69 25 98 18 6 90 60 98 12 
1 43 78 54 0 15 91 31 90 0 67 61 61 64 69 31 11 86 72 36 31 94 46 30 26 72 15 80 8 71 36 92 94 7 48 63 27 47 88 18 54 98 13 85 22 0 72 38 97 23 65 36 89 0 97 56 40 40 85 24 97 83 62 38 27 92 94 92 74 97 34 46 32 67 98 99 25 37 54 15 74 6 58 35 31 57 69 51 83 48 53 26 24 51 34 68 11 94 16 68 
85 37 41 2 19 84 88 66 7 54 7 79 15 45 39 87 17 3 57 87 28 36 59 89 66 75 9 0 11 73 62 40 41 16 54 47 0 84 28 68 47 8 55 53 16 15 84 66 48 96 23 8 7 34 28 6 3 68 12 91 50 18 28 44 61 93 15 73 18 68 51 7 98 98 54 95 92 81 78 33 68 3 26 57 7 8 26 57 26 53 97 1 45 8 94 64 10 8 2 44 
